01:13:50.522	50 mA
01:13:50.522	1/40
01:13:50.567	80 ms
01:13:50.626	1T
01:13:50.746	1,0,0,0
01:13:50.868	2,113,0,0
01:13:50.987	0,0,0,0
01:13:51.198	1,0,0,0
01:13:51.317	2,52,0,0
01:13:51.453	0,0,0,0
01:13:51.663	1,0,0,0
01:13:51.783	2,47,0,0
01:13:51.902	0,0,0,0
01:13:52.128	1,0,0,0
01:13:52.247	2,47,0,0
01:13:52.367	0,0,0,0
01:13:52.592	1,0,0,0
01:13:52.712	2,46,0,0
01:13:52.833	0,0,0,0
01:13:52.922	Start Run: 0
01:13:53.043	1,0,0,0
01:13:53.162	2,45,0,0
01:13:53.282	0,0,0,0
01:13:53.507	1,0,0,0
01:13:53.629	2,46,0,0
01:13:53.747	0,0,0,0
01:13:53.972	1,0,0,0
01:13:54.092	2,46,0,0
01:13:54.213	0,0,0,0
01:13:54.423	1,0,0,0
01:13:54.544	2,46,0,0
01:13:54.662	0,0,0,0
01:13:54.888	1,0,0,0
01:13:55.007	2,47,0,0
01:13:55.127	0,0,0,0
01:13:55.353	1,0,0,0
01:13:55.471	2,47,0,1
01:13:55.591	0,0,0,0
01:13:55.818	1,0,0,0
01:13:55.937	2,48,0,0
01:13:56.056	0,0,0,0
01:13:56.267	1,0,0,0
01:13:56.387	2,78,0,1
01:13:56.508	0,0,0,0
01:13:56.734	1,0,0,0
01:13:56.853	2,127,0,0
01:13:56.973	0,0,0,0
01:13:57.198	1,0,0,0
01:13:57.319	2,127,0,0
01:13:57.437	0,0,0,0
01:13:57.647	1,0,0,0
01:13:57.768	2,247,0,0
01:13:57.887	0,0,0,0
01:13:58.113	1,0,0,0
01:13:58.234	2,356,0,1
01:13:58.353	0,0,0,0
01:13:58.578	1,0,0,0
01:13:58.699	2,104,0,0
01:13:58.819	0,0,0,0
01:13:59.175	1,0,0,0
01:13:59.175	2,50,0,0
01:13:59.267	0,0,0,0
01:13:59.492	1,0,0,0
01:13:59.613	2,50,0,0
01:13:59.732	0,0,0,0
01:13:59.956	1,0,0,0
01:14:00.078	2,50,0,0
01:14:00.198	0,0,0,0
01:14:00.409	1,0,0,0
01:14:00.528	2,48,0,0
01:14:00.646	0,0,0,0
01:14:00.871	1,0,0,0
01:14:00.991	2,47,0,0
01:14:01.112	0,0,0,0
01:14:01.338	1,0,0,0
01:14:01.458	2,47,0,0
01:14:01.577	0,0,0,0
01:14:01.787	1,0,0,0
01:14:01.908	2,47,0,0
01:14:02.044	0,0,0,0
01:14:02.253	1,0,0,0
01:14:02.373	2,47,0,0
01:14:02.493	0,0,0,0
01:14:02.718	1,0,0,0
01:14:02.839	2,48,0,1
01:14:02.958	0,0,0,0
01:14:03.183	1,0,0,0
01:14:03.303	2,48,0,0
01:14:03.423	0,0,0,0
01:14:03.633	1,0,0,0
01:14:03.752	2,47,0,0
01:14:03.887	0,0,0,0
01:14:04.098	1,0,0,0
01:14:04.219	2,47,0,0
01:14:04.339	0,0,0,0
01:14:04.562	1,0,0,0
01:14:04.683	2,47,0,0
01:14:04.803	0,0,0,0
01:14:05.029	1,0,0,0
01:14:05.148	2,47,0,0
01:14:05.268	0,0,0,0
01:14:05.478	1,0,0,0
01:14:05.598	2,47,0,0
01:14:05.718	0,0,0,0
01:14:05.944	1,0,0,0
01:14:06.062	2,47,0,0
01:14:06.183	0,0,0,0
01:14:06.408	1,0,0,0
01:14:06.529	2,47,0,0
01:14:06.648	0,0,0,0
01:14:06.858	1,0,0,0
01:14:06.978	2,48,0,0
01:14:07.098	0,0,0,0
01:14:07.324	1,0,0,0
01:14:07.443	2,62,0,0
01:14:07.562	0,0,0,0
01:14:07.787	1,0,0,0
01:14:07.909	2,277,0,0
01:14:08.029	0,0,0,0
01:14:08.237	1,0,0,0
01:14:08.358	2,269,0,0
01:14:08.478	0,0,0,0
01:14:08.703	1,0,0,0
01:14:08.823	2,269,0,0
01:14:08.944	0,0,0,0
01:14:09.168	1,0,0,0
01:14:09.288	2,148,0,0
01:14:09.407	0,0,0,0
01:14:09.619	1,0,0,0
01:14:09.739	2,99,0,0
01:14:09.858	0,0,0,0
01:14:10.083	1,0,0,0
01:14:10.202	2,99,0,0
01:14:10.323	0,0,0,0
01:14:10.548	1,0,0,0
01:14:10.668	2,53,0,0
01:14:10.787	0,0,0,0
01:14:11.013	1,0,0,0
01:14:11.134	2,48,0,0
01:14:11.252	0,0,0,0
01:14:11.462	1,0,0,0
01:14:11.582	2,47,0,0
01:14:11.703	0,0,0,0
01:14:11.929	1,0,0,0
01:14:12.048	2,47,0,0
01:14:12.168	0,0,0,0
01:14:12.392	1,0,0,0
01:14:12.503	2,47,0,0
01:14:12.633	0,0,0,0
01:14:12.844	1,0,0,0
01:14:12.962	2,47,0,0
01:14:13.083	0,0,0,0
01:14:13.309	1,0,0,0
01:14:13.428	2,47,0,0
01:14:13.548	0,0,0,0
01:14:13.773	1,0,0,0
01:14:13.893	2,47,0,0
01:14:14.013	0,0,0,0
01:14:14.103	Class :1
01:14:14.224	1,0,0,0
01:14:14.343	2,47,0,0
01:14:14.463	0,0,0,0
01:14:14.687	1,0,0,0
01:14:14.809	2,48,0,0
01:14:14.928	0,0,0,0
01:14:15.153	1,0,0,0
01:14:15.273	2,51,0,0
01:14:15.392	0,0,0,0
01:14:15.619	1,0,0,0
01:14:15.739	2,171,0,0
01:14:15.858	0,0,0,0
01:14:16.067	1,0,0,0
01:14:16.187	2,382,0,0
01:14:16.308	0,0,0,0
01:14:16.533	1,0,0,0
01:14:16.653	2,213,0,0
01:14:16.773	0,0,0,0
01:14:16.999	1,0,0,0
01:14:17.117	2,86,0,0
01:14:17.238	0,0,0,0
01:14:17.448	1,0,0,0
01:14:17.568	2,49,0,0
01:14:17.703	0,0,0,0
01:14:17.913	1,0,0,0
01:14:18.033	2,48,0,0
01:14:18.153	0,0,0,0
01:14:18.376	1,0,0,0
01:14:18.500	2,47,0,0
01:14:18.618	0,0,0,0
01:14:18.843	1,0,0,0
01:14:18.962	2,46,0,0
01:14:19.083	0,0,0,0
01:14:19.292	1,0,0,0
01:14:19.413	2,46,0,0
01:14:19.548	0,0,0,0
01:14:19.758	1,0,0,0
01:14:19.878	2,45,0,0
01:14:19.998	0,0,0,0
01:14:20.223	1,0,0,0
01:14:20.343	2,45,0,0
01:14:20.463	0,0,0,0
01:14:20.687	1,0,0,0
01:14:20.808	2,45,0,0
01:14:20.928	0,0,0,0
01:14:21.138	1,0,0,0
01:14:21.258	2,46,0,0
01:14:21.378	0,0,0,0
01:14:21.602	1,0,0,0
01:14:21.724	2,45,0,0
01:14:21.843	0,0,0,0
01:14:21.948	Start Run: 1
01:14:22.067	1,0,0,0
01:14:22.187	2,45,0,0
01:14:22.308	0,0,0,0
01:14:22.533	1,0,0,0
01:14:22.652	2,45,0,0
01:14:22.771	0,0,0,0
01:14:22.983	1,0,0,0
01:14:23.102	2,46,0,0
01:14:23.223	0,0,0,0
01:14:23.448	1,0,0,0
01:14:23.567	2,45,0,0
01:14:23.688	0,0,0,0
01:14:23.913	1,0,0,0
01:14:24.032	2,46,0,1
01:14:24.152	0,0,0,0
01:14:24.362	1,0,0,0
01:14:24.482	2,47,0,0
01:14:24.603	0,0,0,0
01:14:24.828	1,0,0,0
01:14:24.947	2,47,0,0
01:14:25.068	0,0,0,0
01:14:25.292	1,0,0,0
01:14:25.413	2,48,0,0
01:14:25.532	0,0,0,0
01:14:25.743	1,0,0,0
01:14:25.862	2,48,0,0
01:14:25.983	0,0,0,0
01:14:26.208	1,0,0,0
01:14:26.328	2,48,0,0
01:14:26.447	0,0,0,0
01:14:26.673	1,0,0,0
01:14:26.792	2,80,0,0
01:14:26.914	0,0,0,0
01:14:27.418	1,0,
