17:16:01.387	Start Run: 0
17:16:01.387	1,82,17,42
17:16:01.387	2,51,17,41
17:16:01.467	0,50,17,38
17:16:01.676	1,52,18,46
17:16:01.818	2,52,16,42
17:16:01.916	0,50,17,43
17:16:02.142	1,53,17,45
17:16:02.262	2,52,18,40
17:16:02.382	0,50,17,39
17:16:02.607	1,52,17,46
17:16:02.727	2,52,17,41
17:16:02.846	0,51,17,41
17:16:03.071	1,53,17,46
17:16:03.192	2,52,17,37
17:16:03.311	0,51,17,41
17:16:03.522	1,52,17,44
17:16:03.642	2,53,17,42
17:16:03.762	0,50,16,41
17:16:03.987	1,51,17,39
17:16:04.107	2,51,17,39
17:16:04.226	0,50,19,40
17:16:04.453	1,41,21,44
17:16:04.572	2,51,21,45
17:16:04.691	0,51,20,45
17:16:04.917	1,52,20,50
17:16:05.037	2,81,20,43
17:16:05.157	0,49,19,45
17:16:05.367	1,53,20,50
17:16:05.487	2,52,20,46
17:16:05.607	0,45,20,45
17:16:05.832	1,52,20,51
17:16:05.953	2,50,21,43
17:16:06.071	0,50,21,47
17:16:06.297	1,52,22,52
17:16:06.417	2,32,21,45
17:16:06.536	0,80,21,44
17:16:06.763	1,51,22,49
17:16:06.881	2,52,21,44
17:16:07.001	0,50,22,47
17:16:07.211	1,52,21,50
17:16:07.333	2,51,20,47
17:16:07.453	0,52,21,43
17:16:07.678	1,29,21,46
17:16:07.798	2,52,21,46
17:16:07.917	0,51,20,47
17:16:08.142	1,52,22,50
17:16:08.261	2,51,21,47
17:16:08.382	0,50,21,37
17:16:08.607	1,54,24,51
17:16:08.726	2,52,22,48
17:16:08.847	0,51,22,47
17:16:09.058	1,53,21,51
17:16:09.177	2,51,21,46
17:16:09.298	0,50,20,46
17:16:09.522	1,52,19,50
17:16:09.643	2,64,19,41
17:16:09.762	0,51,19,43
17:16:09.987	1,51,20,45
17:16:10.107	2,52,20,44
17:16:10.226	0,50,19,43
17:16:10.453	1,52,19,49
17:16:10.572	2,53,19,44
17:16:10.691	0,51,19,43
17:16:10.902	1,53,19,45
17:16:11.022	2,51,18,43
17:16:11.143	0,51,19,43
17:16:11.367	1,52,19,48
17:16:11.487	2,51,19,42
17:16:11.608	0,51,18,43
17:16:11.833	1,53,18,47
17:16:11.953	2,53,18,38
17:16:12.073	0,48,18,42
17:16:12.282	1,72,19,37
17:16:12.403	2,52,18,44
17:16:12.522	0,51,18,42
17:16:12.747	1,53,17,47
17:16:12.868	2,54,18,37
17:16:12.988	0,51,18,42
17:16:13.215	1,54,18,42
17:16:13.333	2,53,17,42
17:16:13.451	0,35,18,39
17:16:13.678	1,53,18,46
17:16:13.798	2,53,17,38
17:16:13.917	0,52,17,42
17:16:14.126	1,53,17,47
17:16:14.248	2,53,17,38
17:16:14.368	0,65,17,39
17:16:14.593	1,53,18,46
17:16:14.712	2,54,17,40
17:16:14.832	0,52,17,43
17:16:15.057	1,54,18,47
17:16:15.176	2,53,17,40
17:16:15.298	0,53,19,39
17:16:15.506	1,77,18,45
17:16:15.627	2,53,17,43
17:16:15.747	0,53,18,43
17:16:15.972	1,53,18,48
17:16:16.092	2,53,17,43
17:16:16.212	0,28,19,34
17:16:16.436	1,5,18,38
17:16:16.557	2,57,19,56
17:16:16.678	0,167,17,45
17:16:16.887	1,138,18,80
17:16:17.007	2,77,18,66
17:16:17.143	0,224,17,48
17:16:17.353	1,137,16,79
17:16:17.472	2,10,18,60
17:16:17.591	0,224,16,49
17:16:17.817	1,141,18,78
17:16:17.937	2,110,18,76
17:16:18.057	0,301,16,67
17:16:18.283	1,324,17,109
17:16:18.402	2,340,18,78
17:16:18.522	0,163,19,81
17:16:18.733	1,176,17,97
17:16:18.868	2,247,17,49
17:16:18.987	0,57,20,59
17:16:19.198	1,58,19,58
17:16:19.317	2,62,19,45
17:16:19.437	0,54,20,47
17:16:19.662	1,55,20,51
17:16:19.782	2,55,20,43
17:16:19.902	0,53,20,46
17:16:20.127	1,54,20,48
17:16:20.248	2,55,19,47
17:16:20.368	0,33,21,36
17:16:20.577	1,45,20,42
17:16:20.697	2,54,20,46
17:16:20.833	0,51,21,47
17:16:21.044	1,53,19,51
17:16:21.163	2,62,20,47
17:16:21.283	0,52,20,45
17:16:21.508	1,80,19,69
17:16:21.627	2,222,18,45
17:16:21.748	0,82,19,73
17:16:21.973	1,257,18,102
17:16:22.093	2,335,17,64
17:16:22.212	0,208,18,72
17:16:22.422	1,280,16,97
17:16:22.543	2,166,17,72
17:16:22.678	0,273,16,60
17:16:22.888	1,156,17,87
17:16:23.008	2,106,17,57
17:16:23.127	0,168,16,41
17:16:23.353	1,64,17,52
17:16:23.472	2,55,17,47
17:16:23.593	0,86,16,41
17:16:23.817	1,61,17,53
17:16:23.937	2,55,17,46
17:16:24.058	0,87,17,40
17:16:24.268	1,62,17,55
17:16:24.387	2,55,18,43
17:16:24.508	0,82,16,33
17:16:24.615	Class :1
17:16:24.733	1,53,18,45
17:16:24.853	2,53,17,43
17:16:24.972	0,52,17,42
17:16:25.198	1,54,16,46
17:16:25.317	2,21,17,38
17:16:25.437	0,52,17,42
17:16:25.648	1,53,18,41
17:16:25.768	2,51,17,41
17:16:25.887	0,50,17,41
17:16:26.114	1,54,16,46
17:16:26.233	2,52,18,42
17:16:26.353	0,51,17,41
17:16:26.577	1,53,17,43
17:16:26.698	2,52,17,42
17:16:26.817	0,50,18,42
17:16:27.042	1,52,18,45
17:16:27.164	2,52,17,42
17:16:27.283	0,51,17,41
17:16:27.493	1,52,18,46
17:16:27.615	2,52,18,38
17:16:27.733	0,51,17,42
17:16:27.958	1,51,18,46
17:16:28.078	2,51,18,43
17:16:28.198	0,47,19,36
17:16:28.422	1,23,17,36
17:16:28.544	2,51,17,41
17:16:28.663	0,49,18,42
17:16:28.872	1,54,17,43
17:16:28.992	2,51,18,42
17:16:29.114	0,51,18,38
17:16:29.338	1,52,17,46
17:16:29.457	2,50,18,39
17:16:29.578	0,50,18,42
17:16:29.681	Start Run: 1
17:16:29.802	1,52,17,46
17:16:29.922	2,51,17,41
17:16:30.044	0,46,18,39
17:16:30.254	1,51,18,46
17:16:30.372	2,48,17,40
17:16:30.493	0,50,18,42
17:16:30.717	1,52,18,45
17:16:30.838	2,51,18,38
17:16:30.958	0,52,18,40
17:16:31.181	1,77,18,41
17:16:31.303	2,52,17,39
17:16:31.422	0,51,17,42
17:16:31.633	1,53,18,46
17:16:31.755	2,51,17,41
17:16:31.887	0,51,17,42
17:16:32.098	1,54,18,43
17:16:32.218	2,53,17,38
17:16:32.339	0,51,17,39
17:16:32.563	1,54,19,46
17:16:32.683	2,52,16,42
17:16:32.803	0,51,17,41
17:16:33.027	1,54,16,45
17:16:33.149	2,59,17,38
17:16:33.268	0,52,17,41
17:16:33.477	1,65,17,43
17:16:33.615	2,53,17,42
17:16:33.734	0,52,16,38
17:16:33.943	1,54,16,47
17:16:34.062	2,54,17,44
17:16:34.183	0,83,17,40
17:16:34.408	1,63,16,52
17:16:34.528	2,56,17,47
17:16:34.649	0,90,16,37
17:16:34.874	1,63,17,55
17:16:34.993	2,56,17,44
17:16:35.098	0,91,16,40
17:16:35.322	1,73,17,61
17:16:35.444	2,85,16,54
17:16:35.563	0,229,17,44
17:16:35.788	1,248,17,94
17:16:35.907	2,210,18,82
17:16:36.027	0,269,17,75
17:16:36.252	1,284,17,107
17:16:36.372	2,364,18,65
17:16:36.493	0,72,19,58
17:16:36.702	1,126,18,53
17:16:36.822	2,196,17,47
17:16:36.944	0,61,20,63
17:16:37.167	1,95,18,67
17:16:37.287	2,196,17,46
17:16:37.408	0,60,20,53
17:16:37.634	1,94,18,76
17:16:37.754	2,224,18,41
17:16:37.873	0,66,19,65
17:16:38.082	1,120,18,63
17:16:38.203	2,246,18,49
17:16:38.321	0,68,19,61
17:16:38.549	1,119,18,82
17:16:38.668	2,246,18,49
17:16:38.788	0,69,19,67
17:16:39.012	1,146,18,86
17:16:39.133	2,331,17,59
17:16:39.254	0,140,19,81
17:16:39.477	1,313,16,105
17:16:39.598	2,250,18,79
17:16:39.717	0,273,17,71
17:16:39.928	1,231,17,95
17:16:40.049	2,112,17,61
17:16:40.167	0,239,16,53
17:16:40.393	1,110,18,68
17:16:40.515	2,59,17,54
17:16:40.633	0,103,16,40
17:16:40.859	1,56,17,46
17:16:40.978	2,53,16,37
17:16:41.098	0,54,17,37
17:16:41.308	1,55,19,46
17:16:41.428	2,53,17,42
17:16:41.549	0,53,17,41
17:16:41.772	1,54,17,46
17:16:41.892	2,52,17,41
17:16:42.012	0,52,17,42
17:16:42.239	1,54,16,47
17:16:42.358	2,53,17,38
17:16:42.477	0,54,17,42
17:16:42.704	1,54,17,44
17:16:42.823	2,52,16,40
17:16:42.944	0,51,17,41
17:16:43.154	1,53,17,46
17:16:43.272	2,52,17,41
17:16:43.393	0,51,17,41
17:16:43.618	1,31,16,42
17:16:43.738	2,29,17,38
17:16:43.858	0,51,17,41
17:16:44.082	1,52,17,45
17:16:44.203	2,52,16,41
17:16:44.322	0,47,17,39
17:16:44.549	1,54,17,45
17:16:44.669	2,47,17,40
17:16:44.788	0,52,17,42
17:16:44.999	1,53,18,46
17:16:45.118	2,52,17,41
17:16:45.239	0,65,17,32
17:16:45.463	1,55,19,46
17:16:45.582	2,28,17,36
17:16:45.703	0,52,17,42
17:16:45.928	1,21,16,43
17:16:46.049	2,53,16,42
17:16:46.167	0,48,17,38
17:16:46.393	1,55,17,47
17:16:46.516	2,52,17,39
17:16:46.632	0,55,16,41
17:16:46.844	1,55,17,47
17:16:46.964	2,54,16,39
17:16:47.083	0,39,16,38
17:16:47.309	1,55,18,46
17:16:47.428	2,54,17,38
17:16:47.549	0,54,17,41
17:16:47.773	1,54,17,46
17:16:47.893	2,53,16,40
17:16:48.015	0,34,17,38
17:16:48.239	1,37,17,42
17:16:48.343	2,53,17,41
17:16:48.479	0,54,17,42
17:16:48.688	1,54,17,46
17:16:48.809	2,53,16,42
17:16:48.928	0,87,17,38
17:16:49.153	1,55,17,46
17:16:49.273	2,54,18,41
17:16:49.394	0,52,17,37
17:16:49.602	1,55,18,45
17:16:49.722	2,53,16,43
17:16:49.858	0,34,17,37
17:16:50.068	1,55,17,46
17:16:50.188	2,54,17,38
17:16:50.308	0,53,18,41
17:16:50.533	1,56,17,43
17:16:50.654	2,54,17,42
17:16:50.772	0,66,17,38
17:16:50.879	Class :1
17:16:50.999	1,54,17,46
17:16:51.118	2,54,17,39
17:16:51.238	0,53,17,41
17:16:51.449	1,54,17,46
17:16:51.583	2,49,16,38
17:16:51.704	0,74,17,38
17:16:51.916	1,53,17,45
17:16:52.034	2,53,17,42
17:16:52.154	0,52,17,42
17:16:52.377	1,53,17,46
17:16:52.499	2,52,17,39
17:16:52.618	0,57,17,37
17:16:52.843	1,54,16,42
17:16:52.964	2,52,17,41
17:16:53.083	0,51,17,41
17:16:53.293	1,52,18,40
17:16:53.415	2,51,17,42
17:16:53.534	0,72,17,37
17:16:53.758	1,53,18,45
17:16:53.878	2,52,19,37
17:16:53.999	0,50,18,42
17:16:54.223	1,80,18,43
17:16:54.343	2,51,19,42
17:16:54.463	0,81,18,38
17:16:54.673	1,53,17,46
17:16:54.794	2,52,17,39
17:16:54.915	0,51,18,42
17:16:55.139	1,53,18,46
17:16:55.258	2,52,17,42
17:16:55.378	0,47,18,39
17:16:55.604	1,52,18,46
17:16:55.723	2,52,17,42
17:16:55.843	0,50,17,42
17:16:55.934	Start Run: 2
17:16:56.054	1,52,18,47
17:16:56.173	2,51,17,39
17:16:56.294	0,69,18,39
17:16:56.518	1,37,18,42
17:16:56.638	2,52,17,40
17:16:56.757	0,51,16,42
17:16:56.983	1,52,17,46
17:16:57.103	2,51,18,42
17:16:57.223	0,36,18,32
17:16:57.449	1,41,18,45
17:16:57.568	2,48,17,34
17:16:57.689	0,52,17,41
17:16:57.899	1,54,18,41
17:16:58.017	2,52,17,43
17:16:58.138	0,52,17,41
17:16:58.363	1,54,17,46
17:16:58.483	2,53,18,43
17:16:58.604	0,51,17,42
17:16:58.828	1,54,18,48
17:16:58.949	2,53,17,42
17:16:59.068	0,52,18,42
17:16:59.278	1,53,18,47
17:16:59.399	2,53,18,42
17:16:59.518	0,53,18,42
17:16:59.744	1,54,17,47
17:16:59.864	2,36,17,40
17:16:59.983	0,53,17,42
17:17:00.208	1,54,17,42
17:17:00.329	2,54,17,42
17:17:00.449	0,62,17,42
17:17:00.673	1,66,17,56
17:17:00.794	2,58,17,53
17:17:00.916	0,171,18,32
17:17:01.123	1,50,16,46
17:17:01.244	2,158,18,77
17:17:01.364	0,284,17,72
17:17:01.588	1,323,16,108
17:17:01.709	2,370,16,69
17:17:01.828	0,115,18,75
17:17:02.053	1,119,16,84
17:17:02.174	2,206,17,40
17:17:02.294	0,63,18,63
17:17:02.517	1,100,17,58
17:17:02.640	2,211,15,44
17:17:02.758	0,62,17,60
17:17:02.969	1,101,16,74
17:17:03.088	2,212,16,45
17:17:03.209	0,66,17,61
17:17:03.434	1,170,17,95
17:17:03.554	2,355,17,59
17:17:03.673	0,163,18,82
17:17:03.899	1,311,17,105
17:17:04.018	2,245,17,78
17:17:04.139	0,277,17,61
17:17:04.348	1,225,16,94
17:17:04.470	2,170,18,66
17:17:04.589	0,273,17,36
17:17:04.816	1,61,21,65
17:17:04.934	2,58,19,58
17:17:05.054	0,90,16,40
17:17:05.278	1,58,19,54
17:17:05.398	2,54,20,45
17:17:05.518	0,72,19,43
17:17:05.744	1,59,18,53
17:17:05.849	2,54,17,44
17:17:05.984	0,73,17,41
17:17:06.194	1,58,17,50
17:17:06.316	2,54,17,43
17:17:06.433	0,83,18,42
17:17:06.659	1,66,20,61
17:17:06.779	2,57,19,53
17:17:06.899	0,148,20,45
17:17:07.123	1,147,19,78
17:17:07.244	2,109,20,74
17:17:07.364	0,284,19,67
17:17:07.574	1,327,19,108
17:17:07.694	2,336,19,79
17:17:07.816	0,169,18,83
17:17:08.040	1,175,19,102
17:17:08.158	2,265,19,43
17:17:08.278	0,51,22,62
17:17:08.504	1,29,21,42
17:17:08.623	2,64,21,49
17:17:08.744	0,54,21,49
17:17:08.954	1,56,20,51
17:17:09.073	2,73,20,44
17:17:09.193	0,52,20,46
17:17:09.417	1,56,20,49
17:17:09.540	2,56,20,47
17:17:09.659	0,53,21,47
17:17:09.883	1,55,20,52
17:17:10.004	2,55,21,44
17:17:10.124	0,53,22,48
17:17:10.350	1,55,21,54
17:17:10.469	2,75,21,44
17:17:10.589	0,49,22,46
17:17:10.799	1,54,20,48
17:17:10.918	2,51,21,47
17:17:11.040	0,52,21,47
17:17:11.263	1,55,21,52
17:17:11.383	2,58,20,47
17:17:11.504	0,64,21,45
17:17:11.728	1,61,21,52
17:17:11.850	2,88,20,42
17:17:11.969	0,54,20,52
17:17:12.178	1,88,20,49
17:17:12.298	2,88,19,46
17:17:12.418	0,53,21,47
17:17:12.644	1,62,20,60
17:17:12.765	2,173,20,41
17:17:12.883	0,57,20,58
17:17:13.107	1,76,20,66
17:17:13.229	2,147,18,44
17:17:13.350	0,56,20,51
17:17:13.574	1,75,18,66
17:17:13.693	2,146,18,43
17:17:13.816	0,57,19,56
17:17:14.023	1,157,18,71
17:17:14.143	2,347,15,63
17:17:14.264	0,140,18,77
17:17:14.488	1,310,14,103
17:17:14.609	2,252,15,77
17:17:14.728	0,272,15,69
17:17:14.953	1,224,15,88
17:17:15.073	2,108,15,58
17:17:15.194	0,236,14,51
17:17:15.417	1,105,14,65
17:17:15.540	2,58,14,53
17:17:15.658	0,97,14,39
17:17:15.868	1,56,14,45
17:17:15.989	2,54,14,40
17:17:16.109	0,57,14,32
17:17:16.334	1,57,16,41
17:17:16.453	2,54,15,40
17:17:16.573	0,59,15,38
17:17:16.798	1,56,14,44
17:17:16.918	2,54,14,37
17:17:17.040	0,55,15,39
17:17:17.129	Class :0
17:17:17.249	1,55,14,44
17:17:17.369	2,53,14,38
17:17:17.489	0,54,15,39
17:17:17.713	1,54,15,39
17:17:17.833	2,52,14,36
17:17:17.954	0,52,15,39
17:17:18.437	1,53,
