15:20:38.174	50 mA
15:20:38.174	1/40
15:20:38.235	80 ms
15:20:38.279	1T
15:20:38.279	 Start Run: 0
15:20:38.399	1,45,116,183
15:20:38.522	2,31,114,172
15:20:38.639	0,43,115,177
15:20:38.865	1,44,116,179
15:20:38.984	2,46,114,172
15:20:39.104	0,42,115,176
15:20:39.314	1,45,116,183
15:20:39.435	2,47,113,174
15:20:39.555	0,43,116,176
15:20:39.779	1,44,116,183
15:20:39.899	2,46,114,175
15:20:40.022	0,58,116,165
15:20:40.245	1,44,117,183
15:20:40.364	2,46,114,176
15:20:40.484	0,43,115,176
15:20:40.709	1,44,116,183
15:20:40.830	2,46,114,176
15:20:40.950	0,42,114,177
15:20:41.160	1,45,116,182
15:20:41.279	2,47,113,175
15:20:41.399	0,41,115,177
15:20:41.624	1,44,116,183
15:20:41.746	2,46,113,175
15:20:41.865	0,43,115,174
15:20:42.088	1,44,115,179
15:20:42.210	2,46,113,177
15:20:42.330	0,32,115,169
15:20:42.554	1,44,116,182
15:20:42.673	2,45,113,170
15:20:42.794	0,42,115,176
15:20:43.004	1,45,116,178
15:20:43.124	2,45,112,174
15:20:43.245	0,41,114,177
15:20:43.693	1,45,116,182
15:20:43.693	2,24,114,172
15:20:43.693	0,41,115,173
15:20:43.921	1,44,116,183
15:20:44.054	2,46,113,175
15:20:44.174	0,43,115,177
15:20:44.384	1,45,115,184
15:20:44.504	2,46,113,169
15:20:44.624	0,41,115,174
15:20:44.849	1,45,114,182
15:20:44.970	2,46,113,173
15:20:45.089	0,42,114,174
15:20:45.314	1,46,112,178
15:20:45.728	2,48,109,168
15:20:45.728	0,61,104,156
15:20:45.764	1,185,84,186
15:20:45.884	2,123,93,179
15:20:46.005	0,43,131,195
15:20:46.229	1,44,132,200
15:20:46.349	2,47,128,191
15:20:46.473	0,41,132,196
15:20:46.696	1,85,132,193
15:20:46.816	2,45,129,193
15:20:46.934	0,40,134,196
15:20:47.145	1,44,132,199
15:20:47.279	2,46,129,193
15:20:47.400	0,58,133,193
15:20:47.610	1,43,132,204
15:20:47.730	2,46,129,194
15:20:47.849	0,41,133,197
15:20:48.074	1,44,132,198
15:20:48.194	2,69,129,191
15:20:48.315	0,41,132,196
15:20:48.539	1,43,131,202
15:20:48.660	2,45,129,192
15:20:48.780	0,60,133,188
15:20:48.990	1,45,131,197
15:20:49.125	2,46,128,192
15:20:49.229	0,42,131,190
15:20:49.454	1,46,129,201
15:20:49.574	2,49,126,188
15:20:49.694	0,44,130,196
15:20:49.919	1,160,114,203
15:20:50.032	2,193,82,144
15:20:50.159	0,130,97,155
15:20:50.373	1,193,83,166
15:20:50.504	2,152,91,165
15:20:50.610	0,146,81,143
15:20:50.835	1,137,80,155
15:20:50.954	2,178,84,142
15:20:51.074	0,148,110,194
15:20:51.300	1,98,114,218
15:20:51.419	2,104,113,177
15:20:51.539	0,43,129,195
15:20:51.765	1,21,130,197
15:20:51.885	2,49,127,191
15:20:52.005	0,41,131,196
15:20:52.215	1,45,130,202
15:20:52.333	2,47,127,189
15:20:52.455	0,67,132,194
15:20:52.678	1,83,131,196
15:20:52.800	2,48,127,193
15:20:52.920	0,27,132,187
15:20:53.144	1,47,131,198
15:20:53.264	2,81,125,188
15:20:53.385	0,43,130,197
15:20:53.609	1,132,126,196
15:20:53.728	2,187,115,175
15:20:53.849	0,66,126,202
15:20:54.060	1,196,114,220
15:20:54.179	2,253,94,169
15:20:54.300	0,107,120,210
15:20:54.523	1,197,110,203
15:20:54.645	2,277,99,170
15:20:54.765	0,93,121,212
15:20:54.990	1,175,112,219
15:20:55.110	2,269,97,159
15:20:55.229	0,100,122,186
15:20:55.439	1,270,110,200
15:20:55.560	2,285,97,168
15:20:55.680	0,100,121,202
15:20:55.905	1,179,110,220
15:20:56.024	2,279,97,170
15:20:56.145	0,95,122,211
15:20:56.372	1,183,111,205
15:20:56.490	2,285,98,166
15:20:56.610	0,98,121,209
15:20:56.835	1,184,110,219
15:20:56.955	2,317,96,163
15:20:57.075	0,101,121,212
15:20:57.285	1,288,109,191
15:20:57.405	2,300,94,171
15:20:57.525	0,85,118,204
15:20:57.749	1,266,100,207
15:20:57.869	2,309,86,155
15:20:57.989	0,248,100,170
15:20:58.093	 Finish Run: 0
15:20:58.215	1,118,92,185
15:20:58.335	2,80,101,163
15:20:58.455	0,52,97,158
15:20:58.680	1,46,108,175
15:20:58.786	2,80,109,168
15:20:58.904	0,43,110,171
15:20:59.130	1,44,114,181
15:20:59.249	2,46,112,174
15:20:59.371	0,14,115,168
15:20:59.594	1,45,116,182
15:20:59.714	2,39,113,167
15:20:59.834	0,42,114,175
15:20:59.924	 Start Run: 1
15:21:00.059	1,45,116,181
15:21:00.180	2,45,112,173
15:21:00.300	0,41,114,175
15:21:00.510	1,44,116,182
15:21:00.630	2,41,113,171
15:21:00.749	0,42,114,172
15:21:00.975	1,44,115,177
15:21:01.093	2,46,113,175
15:21:01.215	0,43,114,175
15:21:01.440	1,45,115,182
15:21:01.561	2,43,113,171
15:21:01.679	0,41,114,176
15:21:01.890	1,45,115,179
15:21:02.009	2,45,112,173
15:21:02.129	0,41,114,175
15:21:02.354	1,45,115,182
15:21:02.475	2,46,112,171
15:21:02.594	0,50,114,172
15:21:02.820	1,44,115,180
15:21:02.940	2,46,113,174
15:21:03.060	0,43,113,175
15:21:03.271	1,45,115,182
15:21:03.390	2,52,113,169
15:21:03.510	0,41,113,174
15:21:03.735	1,35,115,174
15:21:03.855	2,46,113,175
15:21:03.975	0,41,114,175
15:21:04.201	1,45,114,181
15:21:04.320	2,46,113,174
15:21:04.439	0,42,113,171
15:21:04.649	1,45,115,181
15:21:04.772	2,46,112,174
15:21:04.890	0,43,114,174
15:21:05.115	1,46,113,180
15:21:05.234	2,47,112,169
15:21:05.355	0,44,110,170
15:21:05.580	1,47,109,174
15:21:05.700	2,50,106,166
15:21:05.820	0,188,98,151
15:21:06.045	1,180,90,216
15:21:06.165	2,72,110,184
15:21:06.285	0,43,132,194
15:21:06.495	1,44,132,203
15:21:06.615	2,46,129,191
15:21:06.735	0,41,133,198
15:21:06.960	1,44,132,201
15:21:07.080	2,46,128,191
15:21:07.200	0,41,132,195
15:21:07.424	1,43,131,201
15:21:07.545	2,45,127,193
15:21:07.663	0,41,132,193
15:21:07.890	1,89,131,190
15:21:08.009	2,46,128,193
15:21:08.130	0,41,132,196
15:21:08.339	1,44,132,201
15:21:08.459	2,28,128,189
15:21:08.594	0,40,132,195
15:21:08.805	1,44,132,197
15:21:08.923	2,46,128,192
15:21:09.045	0,40,132,195
15:21:09.270	1,43,130,200
15:21:09.389	2,45,127,191
15:21:09.508	0,38,132,191
15:21:09.733	1,44,131,196
15:21:09.855	2,46,129,193
15:21:09.975	0,9,133,188
15:21:10.185	1,44,132,201
15:21:10.304	2,44,129,189
15:21:10.423	0,40,133,195
15:21:10.648	1,44,132,197
15:21:10.771	2,46,128,192
15:21:10.890	0,40,132,195
15:21:11.115	1,43,131,201
15:21:11.234	2,46,127,192
15:21:11.355	0,41,131,191
15:21:11.579	1,44,130,195
15:21:11.700	2,46,127,186
15:21:11.820	0,41,130,192
15:21:12.030	1,43,127,193
15:21:12.149	2,45,123,185
15:21:12.271	0,40,126,188
15:21:12.494	1,44,124,187
15:21:12.613	2,46,121,184
15:21:12.733	0,13,125,185
15:21:12.959	1,45,126,194
15:21:13.078	2,54,121,182
15:21:13.198	0,47,124,198
15:21:13.424	1,208,99,210
15:21:13.529	2,70,91,166
15:21:13.664	0,65,94,150
15:21:13.875	1,46,106,171
15:21:13.994	2,47,107,165
15:21:14.115	0,43,110,168
15:21:14.339	1,35,114,172
15:21:14.460	2,46,111,174
15:21:14.579	0,43,113,175
15:21:14.804	1,45,115,181
15:21:14.925	2,47,113,170
15:21:15.045	0,42,114,176
15:21:15.255	1,94,114,176
15:21:15.375	2,47,111,173
15:21:15.494	0,43,110,171
15:21:15.719	1,48,108,172
15:21:15.840	2,69,103,174
15:21:15.959	0,195,98,188
15:21:16.171	1,45,129,198
15:21:16.305	2,47,130,194
15:21:16.425	0,26,134,194
15:21:16.634	1,45,132,200
15:21:16.754	2,36,129,188
15:21:16.875	0,41,133,196
15:21:17.099	1,45,133,199
15:21:17.220	2,47,128,193
15:21:17.340	0,42,133,197
15:21:17.565	1,67,130,210
15:21:17.685	2,347,116,175
15:21:17.805	0,176,120,195
15:21:18.015	1,67,97,175
15:21:18.149	2,50,103,167
15:21:18.272	0,45,104,167
15:21:18.480	1,46,112,180
15:21:18.600	2,35,111,167
15:21:18.719	0,67,115,169
15:21:18.945	1,45,116,183
15:21:19.065	2,46,114,177
15:21:19.185	0,41,115,175
15:21:19.409	1,45,116,184
15:21:19.530	2,44,114,173
15:21:19.649	0,42,116,176
15:21:19.860	1,44,117,182
15:21:19.994	2,46,114,176
15:21:20.115	0,43,115,177
15:21:20.324	1,45,116,183
15:21:20.444	2,46,114,172
15:21:20.565	0,43,115,177
15:21:20.671	 Finish Run: 1
15:21:20.790	1,44,117,178
15:21:20.910	2,46,114,175
15:21:21.029	0,41,116,173
15:21:21.255	1,45,115,183
15:21:21.374	2,46,114,173
15:21:21.495	0,43,115,176
15:21:21.705	1,44,116,182
15:21:21.838	2,46,114,173
15:21:21.960	0,42,115,177
15:21:22.171	1,45,116,182
15:21:22.290	2,46,114,173
15:21:22.409	0,43,115,177
15:21:22.515	 Start Run: 2
15:21:22.634	1,44,116,182
15:21:22.754	2,45,114,176
15:21:22.875	0,41,116,173
15:21:23.100	1,26,117,175
15:21:23.218	2,46,114,175
15:21:23.339	0,42,115,178
15:21:23.565	1,45,116,182
15:21:23.672	2,44,114,172
15:21:23.789	0,42,115,177
15:21:24.016	1,44,116,178
15:21:24.134	2,46,114,175
15:21:24.255	0,41,116,177
15:21:24.479	1,44,116,182
15:21:24.600	2,45,113,175
15:21:24.719	0,19,115,173
15:21:24.945	1,32,116,178
15:21:25.064	2,46,115,176
15:21:25.185	0,22,116,168
15:21:25.395	1,45,117,183
15:21:25.514	2,63,114,172
15:21:25.648	0,41,115,177
15:21:25.859	1,43,117,181
15:21:25.979	2,46,114,177
15:21:26.100	0,42,117,177
15:21:26.324	1,45,117,184
15:21:26.445	2,46,114,173
15:21:26.565	0,42,116,173
15:21:26.790	1,44,116,179
15:21:26.910	2,46,114,172
15:21:27.030	0,42,115,177
15:21:27.240	1,45,115,182
15:21:27.374	2,45,113,174
15:21:27.495	0,41,115,169
15:21:27.705	1,45,115,177
15:21:27.824	2,46,112,173
15:21:27.945	0,41,113,171
15:21:28.171	1,45,113,180
15:21:28.289	2,56,111,168
15:21:28.409	0,43,111,168
15:21:28.619	1,44,107,166
15:21:28.739	2,46,104,159
15:21:28.859	0,42,103,160
15:21:29.085	1,45,103,165
15:21:29.205	2,57,100,151
15:21:29.324	0,44,100,156
15:21:29.549	1,47,100,154
15:21:29.671	2,51,95,153
15:21:29.790	0,273,86,168
15:21:30.015	1,46,111,186
15:21:30.134	2,15,116,175
15:21:30.255	0,42,120,181
15:21:30.463	1,44,120,185
15:21:30.584	2,76,118,176
15:21:30.704	0,41,121,184
15:21:30.929	1,43,124,192
15:21:31.049	2,35,121,180
15:21:31.173	0,41,125,185
15:21:31.394	1,43,124,190
15:21:31.515	2,45,120,181
15:21:31.634	0,42,123,180
15:21:31.860	1,89,121,180
15:21:31.980	2,40,120,179
15:21:32.100	0,41,123,184
15:21:32.310	1,44,122,188
15:21:32.428	2,45,119,176
15:21:32.549	0,40,121,181
15:21:32.774	1,44,120,188
15:21:32.894	2,46,117,175
15:21:33.006	0,45,121,180
15:21:33.238	1,43,122,188
15:21:33.360	2,45,120,181
15:21:33.479	0,42,124,185
15:21:33.690	1,44,127,194
15:21:33.809	2,21,123,180
15:21:33.928	0,33,126,181
15:21:34.155	1,44,127,193
15:21:34.273	2,45,123,186
15:21:34.394	0,40,126,187
15:21:34.619	1,44,126,193
15:21:34.739	2,46,122,184
15:21:34.860	0,42,125,183
15:21:35.085	1,43,125,191
15:21:35.205	2,46,122,183
15:21:35.323	0,42,124,185
15:21:35.534	1,44,122,188
15:21:35.655	2,46,118,177
15:21:35.775	0,42,122,182
15:21:35.999	1,43,122,188
15:21:36.119	2,46,119,180
15:21:36.239	0,40,122,170
15:21:36.463	1,44,122,190
15:21:36.585	2,46,120,178
15:21:36.705	0,41,124,185
15:21:36.930	1,44,126,193
15:21:37.033	2,39,123,183
15:21:37.155	0,41,128,190
15:21:37.380	1,44,127,194
15:21:37.498	2,46,125,187
15:21:37.619	0,41,128,189
15:21:37.844	1,43,128,196
15:21:37.963	2,45,125,188
15:21:38.085	0,36,128,192
15:21:38.294	1,44,129,199
15:21:38.414	2,46,126,188
15:21:38.534	0,41,129,190
15:21:38.760	1,45,129,198
15:21:38.879	2,45,126,188
15:21:38.999	0,40,129,192
15:21:39.223	1,44,129,199
15:21:39.345	2,46,126,187
15:21:39.463	0,41,129,188
15:21:39.690	1,44,130,199
15:21:39.809	2,48,126,190
15:21:39.930	0,43,130,193
15:21:40.139	1,58,128,203
15:21:40.274	2,208,114,173
15:21:40.394	0,153,122,210
15:21:40.604	1,161,89,189
15:21:40.723	2,66,95,169
15:21:40.845	0,101,89,148
15:21:41.072	1,51,100,169
15:21:41.190	2,50,102,164
15:21:41.309	0,47,102,161
15:21:41.534	1,47,107,171
15:21:41.655	2,48,106,167
15:21:41.774	0,44,106,167
15:21:41.985	1,46,109,175
15:21:42.104	2,48,108,168
15:21:42.223	0,43,109,169
15:21:42.448	1,46,111,176
15:21:42.574	2,47,108,169
15:21:42.690	0,44,109,166
15:21:42.915	1,37,109,172
15:21:43.024	2,49,107,168
15:21:43.153	0,45,107,164
15:21:43.364	1,49,105,169
15:21:43.485	2,11,103,161
15:21:43.604	0,92,95,142
15:21:43.830	1,184,83,176
15:21:43.949	2,260,92,173
15:21:44.071	0,44,126,198
15:21:44.175	 Finish Run: 2
15:21:44.294	1,46,129,199
15:21:44.415	2,46,126,186
15:21:44.535	0,32,129,190
15:21:44.760	1,44,130,194
15:21:44.867	2,45,126,190
15:21:45.000	0,41,130,193
15:21:45.209	1,44,129,199
15:21:45.329	2,46,127,189
15:21:45.449	0,41,130,193
15:21:45.674	1,47,129,196
15:21:45.794	2,173,121,177
15:21:45.914	0,154,123,200
15:21:46.020	 Start Run: 3
15:21:46.139	1,64,88,169
15:21:46.254	2,74,102,160
15:21:46.378	0,45,104,164
15:21:46.590	1,44,111,177
15:21:46.709	2,46,110,170
15:21:46.830	0,42,112,172
15:21:47.054	1,45,113,179
15:21:47.174	2,42,111,167
15:21:47.295	0,43,113,173
15:21:47.520	1,44,114,170
15:21:47.639	2,46,111,172
15:21:47.760	0,41,112,169
15:21:47.971	1,44,113,178
15:21:48.091	2,47,111,168
15:21:48.209	0,43,112,173
15:21:48.434	1,45,113,178
15:21:48.554	2,46,111,169
15:21:48.674	0,42,112,173
15:21:48.899	1,45,112,178
15:21:49.019	2,47,112,169
15:21:49.130	0,43,112,171
15:21:49.352	1,44,112,176
15:21:49.485	2,46,109,168
15:21:49.603	0,83,107,159
15:21:49.815	1,38,104,158
15:21:49.934	2,111,97,155
15:21:50.054	0,62,115,203
15:21:50.280	1,45,129,199
15:21:50.400	2,19,126,187
15:21:50.519	0,41,130,192
15:21:50.744	1,44,129,197
15:21:50.864	2,46,126,187
15:21:50.984	0,40,130,191
15:21:51.194	1,43,130,197
15:21:51.315	2,45,126,189
15:21:51.434	0,11,129,189
15:21:51.660	1,41,130,197
15:21:51.779	2,46,126,188
15:21:51.900	0,48,130,184
15:21:52.113	1,44,130,197
15:21:52.244	2,45,125,187
15:21:52.364	0,40,130,192
15:21:52.573	1,44,129,196
15:21:52.713	2,45,127,189
15:21:52.830	0,40,130,192
15:21:53.038	1,45,129,197
15:21:53.159	2,46,126,188
15:21:53.279	0,41,129,188
15:21:53.504	1,20,129,193
15:21:53.623	2,46,126,189
15:21:53.745	0,41,130,192
15:21:53.971	1,44,130,197
15:21:54.091	2,45,126,190
15:21:54.210	0,40,129,189
15:21:54.418	1,30,129,192
15:21:54.539	2,46,125,189
15:21:54.660	0,70,129,188
15:21:54.884	1,44,127,195
15:21:55.005	2,46,125,187
15:21:55.123	0,41,127,188
15:21:55.350	1,8,125,188
15:21:55.472	2,62,123,181
15:21:55.589	0,41,126,186
15:21:55.800	1,43,124,190
15:21:55.920	2,45,120,179
15:21:56.038	0,41,122,180
15:21:56.264	1,28,122,173
15:21:56.385	2,46,118,179
15:21:56.504	0,41,121,181
15:21:56.728	1,44,120,186
15:21:56.849	2,46,117,175
15:21:56.971	0,41,120,180
15:21:57.186	1,5,118,176
15:21:57.305	2,46,111,158
15:21:57.425	0,40,95,142
15:21:57.645	1,44,85,136
15:21:57.764	2,45,80,129
15:21:57.885	0,25,83,129
15:21:58.109	1,31,82,132
15:21:58.230	2,46,82,134
15:21:58.349	0,38,87,143
15:21:58.574	1,37,99,159
15:21:58.694	2,46,98,151
15:21:58.815	0,41,99,154
15:21:59.024	1,44,106,173
15:21:59.144	2,46,117,185
15:21:59.264	0,40,125,184
15:21:59.489	1,43,124,193
15:21:59.609	2,46,121,184
15:21:59.723	0,41,123,186
15:21:59.954	1,44,125,190
15:22:00.074	2,18,123,184
15:22:00.185	0,41,126,191
15:22:00.405	1,43,129,201
15:22:00.524	2,45,129,195
15:22:00.644	0,53,131,187
15:22:00.871	1,45,132,203
15:22:00.991	2,45,130,194
15:22:01.109	0,42,132,195
15:22:01.335	1,44,132,203
15:22:01.454	2,46,129,195
15:22:01.573	0,41,131,195
15:22:01.807	1,38,132,203
15:22:01.925	2,46,129,192
15:22:02.038	0,41,132,196
15:22:02.248	1,43,133,204
15:22:02.371	2,45,129,192
15:22:02.489	0,42,131,192
15:22:02.713	1,42,132,199
15:22:02.833	2,46,129,195
15:22:02.954	0,59,132,187
15:22:03.178	1,44,131,201
15:22:03.293	2,41,130,189
15:22:03.411	0,40,130,195
15:22:03.644	1,0,131,199
15:22:03.764	2,46,130,195
15:22:03.871	0,40,132,196
15:22:04.094	1,44,133,205
15:22:04.214	2,46,130,197
15:22:04.334	0,41,133,194
15:22:04.555	1,18,133,200
15:22:04.669	2,45,130,196
15:22:04.791	0,41,133,199
15:22:05.028	1,43,134,201
15:22:05.129	2,46,131,194
15:22:05.268	0,40,135,199
15:22:05.475	1,33,134,203
15:22:05.594	2,46,131,198
15:22:05.714	0,40,134,196
15:22:05.939	1,43,134,206
15:22:06.050	2,46,132,198
15:22:06.171	0,41,134,199
15:22:06.401	1,28,134,201
15:22:06.517	2,78,131,195
15:22:06.644	0,41,134,200
15:22:06.855	1,43,135,205
15:22:06.975	2,45,131,197
15:22:07.094	0,41,135,198
15:22:07.312	1,20,134,191
15:22:07.431	2,46,132,199
15:22:07.553	0,42,135,195
15:22:07.663	 Finish Run: 3
15:22:07.785	1,44,134,205
15:22:07.905	2,46,132,196
15:22:08.018	0,41,134,199
15:22:08.233	1,4,133,201
15:22:08.355	2,46,131,194
15:22:08.488	0,40,134,199
15:22:08.699	1,43,134,205
15:22:08.819	2,46,130,197
15:22:08.940	0,61,133,195
15:22:09.165	1,90,132,197
15:22:09.285	2,47,128,191
15:22:09.405	0,38,131,188
15:22:09.510	 Start Run: 4
15:22:09.622	1,77,125,208
15:22:09.743	2,229,112,184
15:22:09.860	0,161,102,149
15:22:10.078	1,38,104,170
15:22:10.200	2,47,107,170
15:22:10.319	0,43,108,171
15:22:10.545	1,45,112,180
15:22:10.669	2,47,111,172
15:22:10.783	0,43,108,166
15:22:11.009	1,46,106,167
15:22:11.129	2,21,106,163
15:22:11.249	0,44,104,165
15:22:11.460	1,47,104,166
15:22:11.579	2,50,99,156
15:22:11.698	0,199,98,148
15:22:11.948	1,48,118,191
15:22:12.078	2,47,119,179
15:22:12.204	0,42,123,184
15:22:12.396	1,44,123,191
15:22:12.507	2,46,121,180
15:22:12.623	0,41,124,185
15:22:12.837	1,44,124,192
15:22:12.972	2,46,122,185
15:22:13.099	0,41,124,186
15:22:13.308	1,43,124,193
15:22:13.423	2,45,121,185
15:22:13.543	0,30,123,184
15:22:13.774	1,44,124,195
15:22:13.891	2,46,126,192
15:22:14.009	0,41,130,192
15:22:14.223	1,44,131,201
15:22:14.347	2,45,127,188
15:22:14.471	0,41,130,193
15:22:14.684	1,45,129,199
15:22:14.804	2,49,125,186
15:22:14.939	0,44,129,191
15:22:15.169	1,222,115,218
15:22:15.273	2,50,104,182
15:22:15.391	0,45,99,153
15:22:15.609	1,47,110,181
15:22:15.733	2,42,112,170
15:22:15.852	0,43,113,177
15:22:16.070	1,29,118,176
15:22:16.200	2,45,116,181
15:22:16.311	0,41,116,178
15:22:16.530	1,46,116,188
15:22:16.648	2,47,116,178
15:22:16.770	0,44,116,179
15:22:16.989	1,45,115,183
15:22:17.112	2,49,113,174
15:22:17.225	0,45,109,168
15:22:17.450	1,84,100,185
15:22:17.575	2,198,103,189
15:22:17.699	0,67,117,210
15:22:17.909	1,45,129,201
15:22:18.029	2,47,128,191
15:22:18.149	0,64,132,186
15:22:18.373	1,43,134,205
15:22:18.495	2,45,130,194
15:22:18.608	0,42,134,199
15:22:18.848	1,44,135,206
15:22:18.977	2,56,131,195
15:22:19.079	0,42,134,199
15:22:19.300	1,43,136,206
15:22:19.424	2,46,131,194
15:22:19.545	0,42,134,198
15:22:19.754	1,43,135,207
15:22:19.874	2,46,132,198
15:22:19.995	0,41,134,199
15:22:20.220	1,44,135,197
15:22:20.340	2,32,132,195
15:22:20.460	0,41,134,200
15:22:20.676	1,44,135,206
15:22:20.806	2,45,132,195
15:22:20.915	0,40,135,198
15:22:21.133	1,44,134,206
15:22:21.257	2,30,131,194
15:22:21.383	0,35,133,194
15:22:21.599	1,43,133,203
15:22:21.719	2,46,129,191
15:22:21.840	0,42,131,197
15:22:22.060	1,45,129,200
15:22:22.176	2,63,125,186
15:22:22.300	0,45,130,199
15:22:22.525	1,169,116,204
15:22:22.640	2,121,106,194
15:22:22.769	0,165,104,163
15:22:22.978	1,45,100,166
15:22:23.099	2,49,104,162
15:22:23.219	0,43,98,157
15:22:23.438	1,47,104,168
15:22:23.564	2,49,106,162
15:22:23.685	0,43,97,153
15:22:23.908	1,52,101,170
15:22:24.029	2,61,102,177
15:22:24.149	0,194,106,179
15:22:24.362	1,189,112,206
15:22:24.479	2,200,109,185
15:22:24.599	0,42,129,190
15:22:24.824	1,46,130,199
15:22:24.972	2,41,126,188
15:22:25.088	0,41,131,196
15:22:25.288	1,10,133,202
15:22:25.409	2,46,132,197
15:22:25.529	0,40,134,198
15:22:25.745	1,44,135,205
15:22:25.858	2,45,131,198
15:22:25.980	0,41,134,196
15:22:26.205	1,33,134,203
15:22:26.323	2,46,132,198
15:22:26.442	0,41,134,198
15:22:26.667	1,43,135,205
15:22:26.805	2,45,131,192
15:22:26.929	0,40,135,199
15:22:27.132	1,45,133,204
15:22:27.255	2,46,131,198
15:22:27.384	0,38,134,195
15:22:27.585	1,43,133,204
15:22:27.704	2,46,130,196
15:22:27.845	0,40,133,198
15:22:28.055	1,44,133,202
15:22:28.187	2,46,131,195
15:22:28.300	0,41,134,200
15:22:28.513	1,44,134,205
15:22:28.634	2,46,130,196
15:22:28.753	0,42,134,196
15:22:28.998	1,4,132,191
15:22:29.111	2,47,129,194
15:22:29.220	0,42,133,194
15:22:29.448	1,44,133,203
15:22:29.567	2,45,131,195
15:22:29.680	0,41,135,199
15:22:29.899	1,44,136,204
15:22:30.030	2,46,132,199
15:22:30.162	0,40,135,201
15:22:30.353	1,44,136,208
15:22:30.470	2,45,132,198
15:22:30.599	0,42,135,200
15:22:30.810	1,45,134,200
15:22:30.933	2,47,129,191
15:22:31.071	0,18,133,192
15:22:31.273	1,68,130,213
15:22:31.394	2,219,117,189
15:22:31.519	0,203,112,196
15:22:31.620	 Finish Run: 4
15:22:31.736	1,47,102,171
15:22:31.860	2,48,110,175
15:22:31.990	0,72,110,173
15:22:32.189	1,44,119,190
15:22:32.310	2,46,119,182
15:22:32.428	0,43,119,183
15:22:32.649	1,45,120,187
15:22:32.770	2,46,118,180
15:22:32.894	0,42,119,183
15:22:33.109	1,44,121,189
15:22:33.229	2,46,119,184
15:22:33.351	0,31,120,172
15:22:33.449	 Start Run: 5
15:22:33.595	1,45,122,189
15:22:33.715	2,46,119,180
15:22:33.834	0,43,119,182
15:22:34.037	1,45,120,189
15:22:34.176	2,57,119,179
15:22:34.296	0,42,119,182
15:22:34.498	1,45,119,188
15:22:34.621	2,47,118,179
15:22:34.745	0,43,116,176
15:22:34.956	1,46,115,182
15:22:35.077	2,48,112,173
15:22:35.195	0,59,104,157
15:22:35.413	1,134,117,222
15:22:35.534	2,46,124,189
15:22:35.659	0,60,132,189
15:22:35.878	1,45,136,204
15:22:35.995	2,45,132,199
15:22:36.122	0,40,135,199
15:22:36.396	1,45,135,208
15:22:36.481	2,41,133,196
15:22:36.574	0,42,136,201
15:22:36.795	1,43,137,205
15:22:36.914	2,46,133,196
15:22:37.032	0,41,136,203
15:22:37.270	1,45,137,208
15:22:37.416	2,26,134,197
15:22:37.539	0,42,137,202
15:22:37.722	1,43,137,207
15:22:37.854	2,46,134,200
15:22:37.968	0,72,138,192
15:22:38.177	1,43,138,208
15:22:38.300	2,62,134,198
15:22:38.416	0,41,137,203
15:22:38.638	1,44,137,206
15:22:38.760	2,45,134,199
15:22:38.879	0,40,137,203
15:22:39.111	1,44,138,209
15:22:39.233	2,45,134,201
15:22:39.350	0,31,137,199
15:22:39.573	1,43,137,204
15:22:39.686	2,46,134,198
15:22:39.809	0,41,136,202
15:22:40.019	1,44,137,209
15:22:40.139	2,45,134,199
15:22:40.259	0,38,137,194
15:22:40.482	1,84,140,203
15:22:40.608	2,45,134,200
15:22:40.723	0,26,137,199
15:22:40.954	1,44,137,208
15:22:41.068	2,46,134,200
15:22:41.186	0,41,137,202
15:22:41.416	1,67,137,204
15:22:41.532	2,45,134,198
15:22:41.641	0,40,137,204
15:22:41.866	1,43,138,208
15:22:41.984	2,45,134,197
15:22:42.104	0,52,137,199
15:22:42.334	1,67,137,204
15:22:42.445	2,46,134,199
15:22:42.564	0,39,138,200
15:22:42.795	1,34,138,205
15:22:42.905	2,45,135,200
15:22:43.033	0,41,137,202
15:22:43.244	1,40,137,205
15:22:43.362	2,46,134,201
15:22:43.484	0,40,138,200
15:22:43.709	1,43,137,209
15:22:43.830	2,46,134,201
15:22:43.949	0,41,137,202
15:22:44.176	1,45,136,203
15:22:44.306	2,51,134,197
15:22:44.420	0,41,137,202
15:22:44.634	1,43,137,209
15:22:44.760	2,45,134,201
15:22:44.871	0,16,137,194
15:22:45.089	1,44,139,204
15:22:45.210	2,46,134,200
15:22:45.337	0,42,137,200
15:22:45.553	1,43,137,208
15:22:45.674	2,46,133,197
15:22:45.793	0,41,136,202
15:22:46.013	1,44,136,203
15:22:46.129	2,46,134,200
15:22:46.258	0,41,136,202
15:22:46.483	1,44,137,207
15:22:46.593	2,45,133,199
15:22:46.717	0,24,136,198
15:22:46.933	1,44,137,209
15:22:47.053	2,46,134,201
15:22:47.174	0,50,137,198
15:22:47.414	1,44,137,209
15:22:47.527	2,45,134,197
15:22:47.640	0,40,137,202
15:22:47.853	1,44,137,210
15:22:47.977	2,46,134,201
15:22:48.094	0,40,138,202
15:22:48.328	1,43,137,209
15:22:48.449	2,46,135,201
15:22:48.569	0,41,138,201
15:22:48.778	1,44,137,210
15:22:48.904	2,15,134,197
15:22:49.017	0,41,136,202
15:22:49.244	1,43,138,210
15:22:49.359	2,45,134,200
15:22:49.481	0,40,138,203
15:22:49.709	1,45,137,210
15:22:49.824	2,46,134,200
15:22:49.943	0,42,136,197
15:22:50.172	1,44,136,206
15:22:50.285	2,47,131,194
15:22:50.418	0,42,135,198
15:22:50.624	1,46,132,202
15:22:50.743	2,49,127,191
15:22:50.861	0,43,132,196
15:22:51.086	1,45,131,202
15:22:51.208	2,48,126,192
15:22:51.330	0,68,132,195
15:22:51.555	1,51,132,196
15:22:51.673	2,48,128,192
15:22:51.783	0,42,134,198
15:22:52.038	1,45,134,206
15:22:52.151	2,46,132,197
15:22:52.266	0,40,136,202
15:22:52.469	1,44,138,210
15:22:52.590	2,46,135,201
15:22:52.709	0,40,138,200
15:22:52.930	1,43,138,211
15:22:53.052	2,45,135,201
15:22:53.173	0,42,137,204
15:22:53.399	1,44,137,210
15:22:53.519	2,46,135,198
15:22:53.643	0,41,137,202
15:22:53.848	1,19,138,200
15:22:53.985	2,45,135,201
15:22:54.109	0,40,138,201
15:22:54.310	1,44,137,210
15:22:54.432	2,46,135,201
15:22:54.553	0,31,137,203
15:22:54.779	1,43,137,209
15:22:54.892	2,46,134,201
15:22:55.014	0,41,136,203
15:22:55.124	 Finish Run: 5
15:22:55.236	1,44,137,209
15:22:55.365	2,46,134,198
15:22:55.487	0,41,138,203
15:22:55.703	1,43,137,209
15:22:55.813	2,45,134,201
15:22:55.933	0,52,137,198
15:22:56.153	1,29,138,205
15:22:56.280	2,46,133,197
15:22:56.392	0,42,136,201
15:22:56.627	1,44,136,206
15:22:56.747	2,46,131,193
15:22:56.859	0,41,134,198
15:22:57.074	1,47,131,201
15:22:57.194	2,136,123,184
15:22:57.329	0,133,128,204
15:22:57.419	 Start Run: 6
15:22:57.543	1,46,105,172
15:22:57.661	2,48,108,173
15:22:57.781	0,44,108,175
15:22:58.000	1,46,117,188
15:22:58.124	2,72,117,178
15:22:58.239	0,31,117,176
15:22:58.464	1,43,120,187
15:22:58.586	2,46,116,180
15:22:58.706	0,41,116,175
15:22:58.919	1,45,116,187
15:22:59.054	2,44,116,176
15:22:59.173	0,43,115,179
15:22:59.382	1,44,118,186
15:22:59.500	2,40,115,176
15:22:59.622	0,42,115,179
15:22:59.852	1,45,117,186
15:22:59.964	2,35,117,176
15:23:00.085	0,43,116,180
15:23:00.315	1,44,117,181
15:23:00.423	2,46,116,179
15:23:00.539	0,14,116,169
15:23:00.771	1,46,118,185
15:23:00.883	2,71,116,177
15:23:01.002	0,43,115,178
15:23:01.234	1,45,116,180
15:23:01.345	2,46,115,177
15:23:01.467	0,42,114,176
15:23:01.694	1,45,115,184
15:23:01.813	2,73,115,173
15:23:01.924	0,43,111,171
15:23:02.143	1,45,111,174
15:23:02.263	2,48,110,171
15:23:02.384	0,43,102,159
15:23:02.615	1,131,101,193
15:23:02.727	2,300,103,168
15:23:02.845	0,60,118,202
15:23:03.072	1,46,124,190
15:23:03.184	2,46,122,187
15:23:03.321	0,41,128,193
15:23:03.524	1,44,130,201
15:23:03.649	2,21,128,190
15:23:03.763	0,42,130,190
15:23:04.013	1,43,132,201
15:23:04.132	2,46,129,191
15:23:04.235	0,41,132,197
15:23:04.450	1,44,132,203
15:23:04.578	2,42,129,192
15:23:04.701	0,42,131,196
15:23:04.924	1,76,132,193
15:23:05.044	2,46,128,194
15:23:05.155	0,40,130,190
15:23:05.388	1,44,129,200
15:23:05.499	2,32,127,189
15:23:05.611	0,42,129,194
15:23:05.831	1,44,130,201
15:23:05.955	2,22,127,189
15:23:06.086	0,41,129,194
15:23:06.292	1,44,131,200
15:23:06.416	2,43,127,189
15:23:06.539	0,42,130,194
15:23:06.769	1,43,130,200
15:23:06.880	2,45,127,193
15:23:07.004	0,39,130,187
15:23:07.217	1,35,131,197
15:23:07.338	2,42,128,187
15:23:07.453	0,41,130,194
15:23:07.710	1,44,132,201
15:23:07.787	2,46,128,193
15:23:07.952	0,40,132,196
15:23:08.138	1,44,132,202
15:23:08.261	2,46,128,190
15:23:08.385	0,40,131,194
15:23:08.593	1,43,132,202
15:23:08.716	2,46,129,194
15:23:08.847	0,42,131,196
15:23:09.054	1,44,131,203
15:23:09.182	2,63,128,189
15:23:09.303	0,27,131,187
15:23:09.519	1,42,133,200
15:23:09.643	2,45,129,193
15:23:09.763	0,40,131,195
15:23:09.992	1,44,130,202
15:23:10.102	2,42,129,193
15:23:10.220	0,41,130,192
15:23:10.439	1,43,132,201
15:23:10.563	2,44,129,191
15:23:10.690	0,41,131,195
15:23:10.907	1,44,131,201
15:23:11.016	2,41,128,189
15:23:11.143	0,42,131,195
15:23:11.374	1,43,130,201
15:23:11.482	2,46,129,195
15:23:11.606	0,26,132,183
15:23:11.837	1,45,132,202
15:23:11.980	2,77,129,189
15:23:12.101	0,41,131,196
15:23:12.289	1,44,132,199
15:23:12.409	2,45,128,192
15:23:12.519	0,40,131,195
15:23:12.748	1,44,132,203
15:23:12.871	2,76,129,191
15:23:12.989	0,79,131,194
15:23:13.210	1,43,132,198
15:23:13.333	2,46,129,191
15:23:13.443	0,41,132,196
15:23:13.661	1,44,132,203
15:23:13.781	2,45,129,194
15:23:13.898	0,41,132,192
15:23:14.136	1,44,132,199
15:23:14.251	2,45,130,194
15:23:14.371	0,40,131,193
15:23:14.580	1,43,131,203
15:23:14.699	2,46,128,193
15:23:14.820	0,42,130,194
15:23:15.051	1,93,129,194
15:23:15.174	2,81,126,188
15:23:15.306	0,41,128,189
15:23:15.506	1,43,119,184
15:23:15.651	2,45,117,177
15:23:15.789	0,42,119,176
15:23:15.998	1,6,118,175
15:23:16.130	2,46,116,181
15:23:16.197	0,42,121,186
15:23:16.430	1,44,129,201
15:23:16.543	2,44,128,190
15:23:16.663	0,40,129,193
15:23:16.889	1,45,129,198
15:23:17.008	2,46,128,195
15:23:17.129	0,40,132,197
15:23:17.359	1,43,133,206
15:23:17.476	2,45,131,198
15:23:17.588	0,41,134,201
15:23:17.824	1,45,134,205
15:23:17.938	2,46,132,197
15:23:18.049	0,42,134,200
15:23:18.268	1,33,135,203
15:23:18.391	2,45,133,199
15:23:18.509	0,40,135,202
15:23:18.614	 Finish Run: 6
15:23:18.731	1,44,135,208
15:23:18.853	2,46,133,200
15:23:18.974	0,29,135,197
15:23:19.204	1,43,134,204
15:23:19.317	2,46,130,195
15:23:19.435	0,41,131,196
15:23:19.661	1,44,131,203
15:23:19.771	2,46,129,192
15:23:19.894	0,42,131,196
15:23:20.116	1,43,132,202
15:23:20.233	2,45,128,195
15:23:20.352	0,61,132,182
15:23:20.579	1,45,129,196
15:23:20.699	2,48,123,184
15:23:20.814	0,44,127,193
15:23:20.925	 Start Run: 7
15:23:21.039	1,204,118,221
15:23:21.150	2,89,104,187
15:23:21.290	0,123,103,162
15:23:21.508	1,47,105,173
15:23:21.629	2,49,110,174
15:23:21.736	0,44,107,171
15:23:21.957	1,46,111,178
15:23:22.079	2,48,109,171
15:23:22.194	0,43,103,156
15:23:22.434	1,139,105,198
15:23:22.550	2,199,105,191
15:23:22.665	0,58,120,200
15:23:22.897	1,45,127,199
15:23:23.015	2,46,124,192
15:23:23.152	0,40,133,200
15:23:23.339	1,44,134,201
15:23:23.459	2,46,132,198
15:23:23.581	0,40,133,197
15:23:23.800	1,43,134,206
15:23:23.921	2,46,131,197
15:23:24.041	0,42,133,198
15:23:24.272	1,45,132,204
15:23:24.383	2,46,129,193
15:23:24.501	0,41,133,199
15:23:24.733	1,75,135,200
15:23:24.840	2,45,133,201
15:23:24.963	0,40,136,203
15:23:25.184	1,45,137,212
15:23:25.304	2,46,135,202
15:23:25.428	0,20,136,200
15:23:25.658	1,43,137,210
15:23:25.768	2,46,135,199
15:23:25.889	0,41,138,203
15:23:26.120	1,44,138,212
15:23:26.230	2,46,135,203
15:23:26.349	0,41,138,206
15:23:26.569	1,43,139,213
15:23:26.703	2,45,136,204
15:23:26.819	0,40,140,205
15:23:27.030	1,24,141,205
15:23:27.146	2,46,138,207
15:23:27.269	0,42,141,206
15:23:27.488	1,44,142,215
15:23:27.625	2,46,138,204
15:23:27.759	0,41,141,208
15:23:27.957	1,44,142,214
15:23:28.071	2,46,139,207
15:23:28.198	0,40,141,208
15:23:28.425	1,44,142,217
15:23:28.552	2,45,138,206
15:23:28.662	0,41,141,206
15:23:28.883	1,44,142,213
15:23:28.997	2,46,139,208
15:23:29.114	0,36,143,205
15:23:29.336	1,39,142,212
15:23:29.460	2,45,139,208
15:23:29.571	0,40,142,210
15:23:29.800	1,44,142,216
15:23:29.912	2,46,140,207
15:23:30.043	0,40,142,207
15:23:30.252	1,43,142,216
15:23:30.374	2,46,139,208
15:23:30.494	0,41,142,210
15:23:30.714	1,44,143,215
15:23:30.837	2,46,139,204
15:23:30.960	0,41,142,210
15:23:31.180	1,43,143,217
15:23:31.304	2,45,140,209
15:23:31.418	0,27,143,201
15:23:31.633	1,41,144,216
15:23:31.754	2,46,140,207
15:23:31.878	0,42,143,207
15:23:32.105	1,44,143,217
15:23:32.214	2,41,139,204
15:23:32.338	0,41,142,209
15:23:32.563	1,44,143,216
15:23:32.673	2,46,140,207
15:23:32.803	0,41,143,207
15:23:33.018	1,43,143,218
15:23:33.135	2,45,139,208
15:23:33.254	0,41,142,210
15:23:33.477	1,44,142,215
15:23:33.594	2,46,139,207
15:23:33.717	0,14,143,203
15:23:33.952	1,44,143,216
15:23:34.075	2,45,139,207
15:23:34.187	0,40,143,208
15:23:34.404	1,44,142,217
15:23:34.530	2,46,140,208
15:23:34.645	0,39,142,210
15:23:34.859	1,42,142,217
15:23:34.982	2,46,140,208
15:23:35.098	0,42,142,211
15:23:35.323	1,44,142,217
15:23:35.444	2,46,139,204
15:23:35.564	0,42,143,210
15:23:35.789	1,43,143,216
15:23:35.910	2,46,139,209
15:23:36.028	0,49,144,199
15:23:36.238	1,43,143,216
15:23:36.362	2,43,140,203
15:23:36.478	0,42,142,210
15:23:36.702	1,44,143,213
15:23:36.820	2,45,138,204
15:23:36.949	0,40,142,208
15:23:37.167	1,44,142,216
15:23:37.290	2,37,138,204
15:23:37.405	0,41,142,205
15:23:37.634	1,43,142,211
15:23:37.743	2,46,139,207
15:23:37.869	0,42,141,209
15:23:38.095	1,44,141,216
15:23:38.214	2,24,139,206
15:23:38.324	0,50,142,201
15:23:38.545	1,44,144,210
15:23:38.670	2,45,138,206
15:23:38.789	0,41,142,205
15:23:39.022	1,44,142,215
15:23:39.154	2,46,139,204
15:23:39.274	0,41,143,209
15:23:39.464	1,43,143,212
15:23:39.584	2,63,139,204
15:23:39.704	0,40,142,210
15:23:39.933	1,43,142,215
15:23:40.054	2,45,139,205
15:23:40.181	0,42,142,206
15:23:40.400	1,42,142,212
15:23:40.508	2,46,140,207
15:23:40.634	0,16,143,203
15:23:40.740	 Finish Run: 7
15:23:40.859	1,45,143,216
15:23:40.968	2,51,139,202
15:23:41.117	0,40,142,209
15:23:41.309	1,22,142,212
15:23:41.424	2,45,138,207
15:23:41.549	0,40,142,206
15:23:41.774	1,44,142,215
15:23:41.894	2,46,138,206
15:23:42.006	0,42,141,207
15:23:42.266	1,45,138,205
15:23:42.394	2,37,131,192
15:23:42.464	0,43,135,200
15:23:42.685	1,175,128,225
15:23:42.806	2,108,111,198
15:23:42.929	0,45,110,160
15:23:43.035	 Start Run: 8
15:23:43.147	1,46,117,186
15:23:43.275	2,47,119,185
15:23:43.396	0,43,120,187
15:23:43.616	1,45,125,196
15:23:43.738	2,30,122,186
15:23:43.851	0,42,123,190
15:23:44.069	1,45,125,195
15:23:44.211	2,46,123,190
15:23:44.349	0,42,123,188
15:23:44.540	1,44,124,196
15:23:44.654	2,46,123,189
15:23:44.775	0,43,123,185
15:23:45.002	1,46,123,193
15:23:45.116	2,48,120,178
15:23:45.238	0,64,116,168
15:23:45.479	1,60,111,190
15:23:45.617	2,113,110,197
15:23:45.731	0,104,123,219
15:23:45.914	1,46,133,207
15:23:46.034	2,46,130,196
15:23:46.167	0,41,139,204
15:23:46.384	1,43,141,214
15:23:46.512	2,46,138,206
15:23:46.620	0,42,141,208
15:23:46.841	1,44,141,215
15:23:46.963	2,45,138,201
15:23:47.075	0,42,141,208
15:23:47.306	1,44,142,214
15:23:47.425	2,46,138,205
15:23:47.553	0,68,140,205
15:23:47.802	1,44,141,213
15:23:47.877	2,42,137,201
15:23:48.015	0,42,141,208
15:23:48.245	1,45,141,214
15:23:48.362	2,46,137,204
15:23:48.505	0,41,141,209
15:23:48.703	1,44,142,216
15:23:48.847	2,16,138,202
15:23:48.959	0,41,141,206
15:23:49.147	1,43,141,210
15:23:49.275	2,46,138,206
15:23:49.395	0,41,141,209
15:23:49.603	1,44,142,216
15:23:49.724	2,46,139,201
15:23:49.856	0,40,142,210
15:23:50.064	1,45,141,213
15:23:50.189	2,45,139,208
15:23:50.309	0,40,142,209
15:23:50.529	1,44,143,216
15:23:50.665	2,46,139,204
15:23:50.792	0,42,143,209
15:23:50.994	1,60,142,212
15:23:51.118	2,70,139,206
15:23:51.232	0,41,142,210
15:23:51.448	1,43,143,217
15:23:51.569	2,45,138,207
15:23:51.708	0,42,143,210
15:23:51.909	1,2,142,213
15:23:52.030	2,46,139,207
15:23:52.150	0,42,142,207
15:23:52.382	1,44,143,216
15:23:52.497	2,32,139,205
15:23:52.610	0,40,143,209
15:23:52.837	1,44,143,216
15:23:52.964	2,45,139,208
15:23:53.070	0,40,143,210
15:23:53.294	1,44,142,217
15:23:53.418	2,46,138,207
15:23:53.533	0,41,142,206
15:23:53.760	1,44,141,216
15:23:53.874	2,46,139,204
15:23:53.999	0,41,142,209
15:23:54.218	1,43,143,212
15:23:54.343	2,45,139,205
15:23:54.465	0,40,142,205
15:23:54.703	1,45,141,215
15:23:54.819	2,46,138,207
15:23:54.927	0,42,141,208
15:23:55.141	1,44,142,215
15:23:55.255	2,46,138,204
15:23:55.377	0,41,142,209
15:23:55.608	1,44,142,215
15:23:55.718	2,46,138,206
15:23:55.842	0,41,142,208
15:23:56.068	1,42,141,215
15:23:56.178	2,45,138,205
15:23:56.308	0,28,141,207
15:23:56.516	1,45,141,215
15:23:56.643	2,46,139,205
15:23:56.759	0,41,142,204
15:23:56.983	1,45,141,214
15:23:57.104	2,45,137,205
15:23:57.224	0,40,140,207
15:23:57.443	1,45,139,212
15:23:57.566	2,47,136,198
15:23:57.684	0,65,138,200
15:23:57.913	1,44,135,204
15:23:58.022	2,48,129,193
15:23:58.157	0,44,133,202
15:23:58.360	1,179,123,228
15:23:58.483	2,147,111,190
15:23:58.603	0,161,114,179
15:23:58.829	1,48,111,181
15:23:58.949	2,48,110,173
15:23:59.070	0,43,109,165
15:23:59.290	1,47,110,181
15:23:59.414	2,50,110,173
15:23:59.525	0,103,109,170
15:23:59.744	1,191,112,221
15:23:59.864	2,244,111,190
15:23:59.983	0,52,129,213
15:24:00.216	1,45,134,206
15:24:00.328	2,24,132,195
15:24:00.449	0,41,139,204
15:24:00.691	1,44,141,215
15:24:00.824	2,46,137,204
15:24:00.891	0,42,141,207
15:24:01.124	1,44,141,215
15:24:01.244	2,36,138,198
15:24:01.364	0,41,141,207
15:24:01.594	1,45,141,210
15:24:01.707	2,46,137,204
15:24:01.829	0,40,141,209
15:24:02.052	1,44,141,214
15:24:02.163	2,28,137,202
15:24:02.292	0,42,141,205
15:24:02.503	1,44,140,210
15:24:02.624	2,47,137,205
15:24:02.744	0,42,140,208
15:24:02.967	1,44,140,213
15:24:03.086	2,32,136,201
15:24:03.207	0,42,140,205
15:24:03.315	 Finish Run: 8
15:24:03.431	1,80,139,199
15:24:03.553	2,46,136,204
15:24:03.666	0,42,140,203
15:24:03.883	1,44,140,214
15:24:04.003	2,23,138,202
15:24:04.140	0,42,141,208
15:24:04.346	1,44,141,212
15:24:04.464	2,77,137,203
15:24:04.588	0,41,141,209
15:24:04.810	1,44,142,213
15:24:04.933	2,28,137,202
15:24:05.054	0,42,139,206
15:24:05.279	1,44,137,207
15:24:05.391	2,46,129,195
15:24:05.520	0,43,133,198
15:24:05.609	 Start Run: 9
15:24:05.726	1,107,128,212
15:24:05.848	2,178,110,188
15:24:05.964	0,152,112,174
15:24:06.191	1,47,113,179
15:24:06.314	2,47,112,175
15:24:06.433	0,42,113,176
15:24:06.666	1,46,117,188
15:24:06.774	2,49,117,180
15:24:06.899	0,43,116,177
15:24:07.114	1,45,118,184
15:24:07.228	2,47,117,178
15:24:07.349	0,43,114,178
15:24:07.571	1,46,114,181
15:24:07.689	2,47,112,170
15:24:07.815	0,27,111,162
15:24:08.035	1,79,111,183
15:24:08.160	2,66,109,191
15:24:08.276	0,264,108,186
15:24:08.494	1,224,109,225
15:24:08.635	2,265,112,180
15:24:08.764	0,65,126,208
15:24:08.948	1,51,126,196
15:24:09.072	2,66,123,186
15:24:09.207	0,42,128,191
15:24:09.414	1,44,128,199
15:24:09.543	2,46,125,193
15:24:09.667	0,42,131,196
15:24:09.880	1,43,132,203
15:24:10.004	2,46,131,197
15:24:10.126	0,42,134,196
15:24:10.334	1,44,135,209
15:24:10.454	2,46,134,198
15:24:10.579	0,41,136,203
15:24:10.798	1,82,138,208
15:24:10.910	2,46,135,203
15:24:11.036	0,40,138,204
15:24:11.273	1,44,136,208
15:24:11.383	2,46,133,198
15:24:11.503	0,37,137,203
15:24:11.727	1,81,138,208
15:24:11.851	2,46,135,201
15:24:11.961	0,41,137,203
15:24:12.186	1,43,137,209
15:24:12.309	2,45,135,201
15:24:12.420	0,41,137,205
15:24:12.642	1,57,139,208
15:24:12.771	2,45,136,204
15:24:12.882	0,40,138,201
15:24:13.109	1,44,138,210
15:24:13.218	2,46,134,200
15:24:13.340	0,42,136,203
15:24:13.559	1,43,136,204
15:24:13.677	2,46,134,198
15:24:13.800	0,41,136,203
15:24:14.025	1,44,137,210
15:24:14.147	2,45,134,197
15:24:14.264	0,39,137,203
15:24:14.487	1,30,138,198
15:24:14.609	2,46,136,204
15:24:14.729	0,45,138,203
15:24:14.953	1,44,139,212
15:24:15.068	2,46,136,200
15:24:15.180	0,42,140,206
15:24:15.421	1,43,139,209
15:24:15.536	2,66,137,205
15:24:15.659	0,40,140,208
15:24:15.886	1,43,141,215
15:24:15.998	2,56,138,205
15:24:16.107	0,42,141,205
15:24:16.331	1,43,140,211
15:24:16.454	2,46,138,207
15:24:16.567	0,73,142,200
15:24:16.783	1,44,141,214
15:24:16.908	2,46,137,202
15:24:17.022	0,41,141,207
15:24:17.268	1,44,140,211
15:24:17.384	2,45,137,202
15:24:17.501	0,41,139,207
15:24:17.708	1,44,140,213
15:24:17.834	2,57,137,201
15:24:17.947	0,50,140,203
15:24:18.184	1,43,140,211
15:24:18.299	2,46,137,204
15:24:18.402	0,41,139,206
15:24:18.625	1,44,140,213
15:24:18.747	2,92,137,199
15:24:18.865	0,40,139,207
15:24:19.089	1,44,140,213
15:24:19.214	2,45,137,205
15:24:19.330	0,40,140,205
15:24:19.550	1,44,139,214
15:24:19.664	2,65,136,201
15:24:19.783	0,41,140,205
15:24:20.006	1,43,140,212
15:24:20.128	2,46,137,205
15:24:20.243	0,41,140,208
15:24:20.477	1,44,140,213
15:24:20.596	2,42,137,199
15:24:20.707	0,41,140,206
15:24:20.943	1,34,140,210
15:24:21.059	2,45,138,204
15:24:21.176	0,40,140,204
15:24:21.389	1,44,140,214
15:24:21.509	2,65,138,204
15:24:21.628	0,41,142,208
15:24:21.851	1,43,142,215
15:24:21.975	2,71,138,203
15:24:22.093	0,41,141,209
15:24:22.316	1,43,142,215
15:24:22.439	2,45,138,203
15:24:22.562	0,42,142,208
15:24:22.768	1,43,142,215
15:24:22.886	2,46,138,208
15:24:23.012	0,42,141,202
15:24:23.231	1,44,141,214
15:24:23.349	2,46,138,203
15:24:23.471	0,41,141,209
15:24:23.704	1,44,141,211
15:24:23.812	2,45,137,203
15:24:23.938	0,40,141,207
15:24:24.163	1,44,141,216
15:24:24.276	2,45,138,206
15:24:24.389	0,49,139,204
15:24:24.618	1,43,140,210
15:24:24.735	2,46,138,205
15:24:24.848	0,41,141,207
15:24:25.076	1,43,140,212
15:24:25.199	2,52,137,200
15:24:25.314	0,40,141,207
15:24:25.528	1,44,140,211
15:24:25.671	2,45,137,205
15:24:25.795	0,40,141,209
15:24:25.873	 Finish Run: 9
15:24:25.994	1,44,141,216
15:24:26.114	2,46,138,204
15:24:26.233	0,42,142,205
15:24:26.453	1,43,141,209
15:24:26.582	2,46,136,204
15:24:26.698	0,42,138,205
15:24:26.922	1,45,135,204
15:24:27.043	2,88,127,182
15:24:27.163	0,85,131,216
15:24:27.374	1,21,110,163
15:24:27.509	2,48,112,178
15:24:27.619	0,13,112,173
15:24:27.720	 Start Run: 10
15:24:27.861	1,45,120,194
15:24:27.968	2,46,122,188
15:24:28.087	0,43,123,188
15:24:28.300	1,44,124,192
15:24:28.419	2,46,123,187
15:24:28.539	0,41,124,189
15:24:28.775	1,44,125,198
15:24:28.889	2,48,123,186
15:24:29.009	0,43,124,190
15:24:29.234	1,44,124,194
15:24:29.350	2,46,123,189
15:24:29.459	0,12,125,177
15:24:29.681	1,45,126,197
15:24:29.804	2,47,123,186
15:24:29.923	0,42,124,190
15:24:30.156	1,45,126,194
15:24:30.270	2,46,123,189
15:24:30.381	0,42,123,187
15:24:30.614	1,46,123,194
15:24:30.728	2,63,119,182
15:24:30.853	0,9,116,179
15:24:31.059	1,45,115,181
15:24:31.183	2,49,112,175
15:24:31.304	0,74,110,170
15:24:31.526	1,120,111,208
15:24:31.649	2,153,112,179
15:24:31.760	0,205,112,169
15:24:31.987	1,180,111,215
15:24:32.114	2,102,111,200
15:24:32.234	0,188,110,177
15:24:32.444	1,74,110,194
15:24:32.577	2,51,111,174
15:24:32.687	0,52,110,171
15:24:32.912	1,46,113,180
15:24:33.029	2,40,112,174
15:24:33.149	0,44,112,175
15:24:33.370	1,45,115,182
15:24:33.494	2,47,114,178
15:24:33.614	0,44,113,173
15:24:33.835	1,67,114,170
15:24:33.954	2,49,112,176
15:24:34.078	0,57,112,173
15:24:34.289	1,60,112,189
15:24:34.409	2,57,111,183
15:24:34.544	0,155,110,175
15:24:34.754	1,159,112,211
15:24:34.873	2,131,111,196
15:24:34.993	0,194,115,200
15:24:35.223	1,211,116,228
15:24:35.332	2,224,112,186
15:24:35.460	0,136,125,209
15:24:35.681	1,207,116,217
15:24:35.796	2,208,112,201
15:24:35.928	0,84,123,188
15:24:36.133	1,199,117,226
15:24:36.254	2,219,113,188
15:24:36.373	0,147,125,213
15:24:36.597	1,198,119,214
15:24:36.719	2,216,112,200
15:24:36.830	0,138,125,214
15:24:37.066	1,199,116,230
15:24:37.177	2,309,113,190
15:24:37.300	0,141,126,209
15:24:37.511	1,199,117,214
15:24:37.631	2,218,113,198
15:24:37.751	0,140,124,214
15:24:37.982	1,212,116,213
15:24:38.116	2,234,112,182
15:24:38.236	0,139,125,216
15:24:38.437	1,200,118,218
15:24:38.563	2,219,112,197
15:24:38.676	0,140,124,213
15:24:38.894	1,200,117,231
15:24:39.020	2,167,112,191
15:24:39.148	0,95,122,204
15:24:39.360	1,201,114,223
15:24:39.478	2,216,111,194
15:24:39.598	0,143,122,210
15:24:39.819	1,201,115,225
15:24:39.943	2,247,110,179
15:24:40.063	0,65,121,183
15:24:40.286	1,203,114,220
15:24:40.409	2,217,108,195
15:24:40.524	0,143,119,209
15:24:40.738	1,203,112,225
15:24:40.860	2,219,108,180
15:24:40.977	0,144,117,200
15:24:41.211	1,201,111,220
15:24:41.321	2,216,108,193
15:24:41.440	0,144,117,209
15:24:41.663	1,201,111,221
15:24:41.781	2,217,107,189
15:24:41.909	0,143,118,204
15:24:42.127	1,201,112,222
15:24:42.247	2,218,108,187
15:24:42.363	0,143,117,204
15:24:42.577	1,202,110,222
15:24:42.698	2,216,108,186
15:24:42.818	0,144,118,202
15:24:43.042	1,200,112,221
15:24:43.176	2,217,107,187
15:24:43.316	0,143,117,205
15:24:43.499	1,201,111,211
15:24:43.619	2,217,107,192
15:24:43.740	0,145,117,206
15:24:43.962	1,211,111,218
15:24:44.083	2,154,106,197
15:24:44.207	0,193,108,174
15:24:44.432	1,28,103,154
15:24:44.548	2,49,103,162
15:24:44.662	0,44,100,157
15:24:44.890	1,46,104,170
15:24:45.014	2,47,104,164
15:24:45.124	0,42,104,162
15:24:45.364	1,10,101,161
15:24:45.475	2,46,99,158
15:24:45.584	0,41,98,154
15:24:45.814	1,44,101,166
15:24:45.938	2,46,100,160
15:24:46.047	0,44,102,157
15:24:46.272	1,91,101,162
15:24:46.407	2,47,100,158
15:24:46.519	0,14,98,145
15:24:46.724	1,46,94,150
15:24:46.843	2,18,93,143
15:24:46.963	0,110,87,143
15:24:47.185	1,225,91,180
15:24:47.309	2,229,91,164
15:24:47.436	0,61,101,177
15:24:47.650	1,46,103,170
15:24:47.774	2,47,102,157
15:24:47.883	0,32,106,161
15:24:48.103	1,44,108,169
15:24:48.224	2,46,108,164
15:24:48.343	0,41,111,171
15:24:48.588	1,44,113,176
15:24:48.728	2,45,109,164
15:24:48.803	0,41,109,169
15:24:49.071	1,44,111,173
15:24:49.144	2,45,110,170
15:24:49.279	0,40,112,172
15:24:49.380	 Finish Run: 10
15:24:49.524	1,44,113,178
15:24:49.663	2,46,110,167
15:24:49.732	0,42,111,168
15:24:49.966	1,44,113,176
15:24:50.073	2,47,111,171
15:24:50.189	0,42,112,172
15:24:50.432	1,46,111,175
15:24:50.555	2,51,107,161
15:24:50.677	0,46,110,175
15:24:50.875	1,92,105,173
15:24:50.999	2,58,104,174
15:24:51.115	0,45,103,159
15:24:51.209	 Start Run: 11
15:24:51.342	1,46,108,179
15:24:51.451	2,44,113,172
15:24:51.581	0,43,115,178
15:24:51.802	1,44,117,185
15:24:51.912	2,47,114,174
15:24:52.030	0,43,113,175
15:24:52.253	1,46,112,177
15:24:52.380	2,48,109,165
15:24:52.502	0,47,106,165
15:24:52.752	1,196,104,211
15:24:52.864	2,192,104,182
15:24:52.970	0,101,124,176
15:24:53.170	1,45,128,200
15:24:53.291	2,46,128,192
15:24:53.413	0,42,130,195
15:24:53.636	1,45,130,200
15:24:53.760	2,54,128,189
15:24:53.879	0,42,129,194
15:24:54.104	1,44,131,201
15:24:54.215	2,46,128,189
15:24:54.343	0,41,130,193
15:24:54.551	1,43,130,202
15:24:54.675	2,45,127,193
15:24:54.794	0,42,130,192
15:24:55.014	1,44,131,199
15:24:55.137	2,46,128,193
15:24:55.260	0,43,131,187
15:24:55.478	1,45,131,202
15:24:55.605	2,45,128,190
15:24:55.746	0,40,131,194
15:24:55.938	1,44,130,197
15:24:56.054	2,46,128,193
15:24:56.174	0,40,129,190
15:24:56.394	1,44,130,203
15:24:56.523	2,46,127,194
15:24:56.637	0,42,130,194
15:24:56.864	1,45,130,201
15:24:56.973	2,46,129,190
15:24:57.099	0,41,130,194
15:24:57.316	1,43,130,199
15:24:57.433	2,46,128,193
15:24:57.576	0,40,131,194
15:24:57.778	1,39,131,201
15:24:57.898	2,46,129,193
15:24:58.017	0,40,130,190
15:24:58.239	1,44,130,200
15:24:58.358	2,46,127,194
15:24:58.481	0,42,130,195
15:24:58.711	1,2,130,198
15:24:58.818	2,13,128,191
15:24:58.948	0,41,131,194
15:24:59.160	1,43,130,201
15:24:59.279	2,45,129,190
15:24:59.399	0,41,130,194
15:24:59.627	1,0,131,187
15:24:59.736	2,46,128,195
15:24:59.862	0,42,131,192
15:25:00.088	1,44,131,201
15:25:00.197	2,46,128,190
15:25:00.328	0,41,132,194
15:25:00.538	1,61,131,197
15:25:00.660	2,46,128,193
15:25:00.781	0,40,131,195
15:25:01.001	1,43,131,201
15:25:01.120	2,45,128,193
15:25:01.239	0,42,132,192
15:25:01.465	1,43,129,196
15:25:01.587	2,46,127,191
15:25:01.726	0,17,130,183
15:25:01.930	1,45,128,197
15:25:02.054	2,36,124,182
15:25:02.178	0,41,125,186
15:25:02.382	1,44,122,186
15:25:02.503	2,45,120,182
15:25:02.624	0,40,121,182
15:25:02.853	1,44,122,189
15:25:02.975	2,45,119,178
15:25:03.087	0,18,120,179
15:25:03.317	1,43,121,185
15:25:03.460	2,46,119,179
15:25:03.565	0,41,120,182
15:25:03.764	1,44,121,189
15:25:03.883	2,45,119,178
15:25:04.004	0,41,119,182
15:25:04.228	1,44,121,186
15:25:04.348	2,45,119,182
15:25:04.461	0,40,120,182
15:25:04.694	1,44,121,189
15:25:04.814	2,46,119,178
15:25:04.932	0,41,120,179
15:25:05.143	1,43,121,188
15:25:05.264	2,46,120,181
15:25:05.382	0,41,122,184
15:25:05.610	1,44,122,189
15:25:05.729	2,46,120,176
15:25:05.848	0,39,120,178
15:25:06.074	1,33,123,185
15:25:06.194	2,46,120,183
15:25:06.314	0,51,122,182
15:25:06.523	1,44,121,188
15:25:06.659	2,46,120,181
15:25:06.765	0,42,120,180
15:25:06.988	1,43,122,188
15:25:07.109	2,29,119,178
15:25:07.228	0,41,120,182
15:25:07.454	1,44,121,189
15:25:07.573	2,65,119,177
15:25:07.694	0,42,120,181
15:25:08.238	1,43,121,
