15:09:24.510	50 mA
15:09:24.510	1/40
15:09:24.602	1T
15:09:24.602	 Start Run: 0
15:09:24.722	1,44,134,205
15:09:24.841	2,46,130,195
15:09:24.961	0,40,134,200
15:09:25.187	1,43,133,204
15:09:25.306	2,46,130,196
15:09:25.426	0,42,134,195
15:09:25.652	1,44,134,204
15:09:25.772	2,46,130,195
15:09:25.892	0,41,133,199
15:09:26.101	1,90,133,196
15:09:26.223	2,45,130,195
15:09:26.342	0,40,134,198
15:09:26.567	1,44,133,205
15:09:26.687	2,46,130,197
15:09:26.806	0,25,134,196
15:09:27.032	1,43,134,204
15:09:27.150	2,46,130,195
15:09:27.272	0,41,134,199
15:09:27.482	1,44,133,201
15:09:27.601	2,46,130,194
15:09:27.722	0,41,133,199
15:09:27.948	1,44,133,203
15:09:28.067	2,47,128,196
15:09:28.187	0,42,133,194
15:09:28.292	 Finish Run: 0
15:09:28.412	1,84,131,189
15:09:28.532	2,51,127,194
15:09:28.652	0,44,132,199
15:09:28.877	1,65,127,209
15:09:28.997	2,235,113,175
15:09:29.115	0,137,120,211
15:09:29.327	1,160,97,194
15:09:29.447	2,54,102,171
15:09:29.567	0,50,102,160
15:09:29.792	1,47,109,178
15:09:29.912	2,47,111,173
15:09:30.032	0,36,113,174
15:09:30.257	1,4,114,176
15:09:30.375	2,46,112,173
15:09:30.495	0,42,114,175
15:09:30.587	 Start Run: 1
15:09:30.724	1,44,114,172
15:09:30.842	2,46,112,175
15:09:30.961	0,41,114,176
15:09:31.171	1,7,114,177
15:09:31.292	2,46,112,175
15:09:31.412	0,41,113,171
15:09:31.637	1,44,114,181
15:09:31.757	2,46,112,172
15:09:31.877	0,42,114,175
15:09:32.102	1,91,114,176
15:09:32.222	2,43,111,172
15:09:32.342	0,42,114,174
15:09:32.552	1,44,114,180
15:09:32.671	2,45,112,168
15:09:32.792	0,42,113,175
15:09:33.016	1,37,115,170
15:09:33.137	2,46,113,175
15:09:33.257	0,39,114,173
15:09:33.482	1,45,114,181
15:09:33.601	2,46,112,172
15:09:33.724	0,42,111,171
15:09:33.931	1,44,111,176
15:09:34.067	2,45,108,168
15:09:34.186	0,41,109,170
15:09:34.396	1,44,114,181
15:09:34.516	2,59,112,171
15:09:34.637	0,42,114,171
15:09:34.861	1,44,114,178
15:09:34.982	2,46,112,174
15:09:35.101	0,41,114,174
15:09:35.327	1,8,115,171
15:09:35.447	2,56,113,171
15:09:35.567	0,42,114,175
15:09:35.776	1,45,114,178
15:09:35.912	2,45,112,174
15:09:36.032	0,41,113,174
15:09:36.241	1,45,113,182
15:09:36.361	2,22,112,170
15:09:36.482	0,25,112,170
15:09:36.706	1,45,113,177
15:09:36.827	2,47,112,173
15:09:36.947	0,44,112,172
15:09:37.172	1,47,110,177
15:09:37.290	2,61,107,161
15:09:37.410	0,53,103,158
15:09:37.624	1,155,101,171
15:09:37.756	2,284,98,188
15:09:37.877	0,73,115,210
15:09:38.086	1,47,128,204
15:09:38.206	2,48,128,193
15:09:38.327	0,42,132,197
15:09:38.550	1,43,133,204
15:09:38.671	2,47,130,195
15:09:38.792	0,42,132,199
15:09:39.001	1,44,133,204
15:09:39.125	2,46,129,191
15:09:39.257	0,42,134,197
15:09:39.467	1,43,133,204
15:09:39.587	2,45,128,195
15:09:39.707	0,34,135,186
15:09:39.932	1,44,134,204
15:09:40.052	2,45,129,192
15:09:40.172	0,42,133,198
15:09:40.397	1,44,134,204
15:09:40.516	2,45,130,191
15:09:40.637	0,41,133,198
15:09:40.846	1,44,133,203
15:09:40.981	2,46,129,195
15:09:41.101	0,40,132,198
15:09:41.312	1,43,133,204
15:09:41.432	2,45,128,194
15:09:41.552	0,42,132,195
15:09:41.776	1,44,133,204
15:09:41.895	2,46,130,195
15:09:42.016	0,22,134,190
15:09:42.242	1,44,135,204
15:09:42.346	2,45,130,195
15:09:42.467	0,40,134,199
15:09:42.692	1,44,134,205
15:09:42.812	2,46,131,195
15:09:42.932	0,18,134,195
15:09:43.157	1,43,134,207
15:09:43.276	2,46,131,196
15:09:43.397	0,41,134,199
15:09:43.624	1,44,134,201
15:09:43.742	2,63,131,193
15:09:43.863	0,41,135,199
15:09:44.072	1,43,134,205
15:09:44.192	2,45,131,198
15:09:44.312	0,55,135,192
15:09:44.537	1,45,135,201
15:09:44.657	2,46,131,196
15:09:44.777	0,42,134,196
15:09:45.001	1,44,134,205
15:09:45.124	2,47,131,193
15:09:45.241	0,41,134,199
15:09:45.467	1,35,134,200
15:09:45.586	2,47,129,196
15:09:45.706	0,42,134,199
15:09:45.916	1,45,132,204
15:09:46.037	2,48,128,194
15:09:46.157	0,44,133,198
15:09:46.381	1,144,127,210
15:09:46.501	2,329,111,182
15:09:46.625	0,319,114,160
15:09:46.847	1,87,100,191
15:09:46.966	2,94,103,164
15:09:47.087	0,47,103,165
15:09:47.297	1,7,110,174
15:09:47.416	2,48,109,171
15:09:47.537	0,43,110,167
15:09:47.760	1,47,112,179
15:09:47.882	2,47,110,169
15:09:48.001	0,44,111,172
15:09:48.227	1,76,111,174
15:09:48.348	2,48,109,169
15:09:48.467	0,44,109,172
15:09:48.691	1,47,112,178
15:09:48.812	2,47,109,171
15:09:48.932	0,51,110,162
15:09:49.142	1,82,113,173
15:09:49.262	2,47,110,172
15:09:49.381	0,59,111,169
15:09:49.606	1,45,113,181
15:09:49.727	2,47,113,172
15:09:49.846	0,42,114,176
15:09:50.072	1,43,115,179
15:09:50.191	2,75,113,172
15:09:50.312	0,41,115,176
15:09:50.524	1,44,116,183
15:09:50.656	2,71,114,172
15:09:50.777	0,43,115,174
15:09:50.867	 Finish Run: 1
15:09:50.987	1,44,114,180
15:09:51.107	2,46,112,176
15:09:51.227	0,37,116,169
15:09:51.452	1,45,116,183
15:09:51.572	2,45,114,170
15:09:51.691	0,42,114,177
15:09:51.915	1,45,115,182
15:09:52.037	2,46,114,176
15:09:52.157	0,41,115,177
15:09:52.366	1,44,116,183
15:09:52.501	2,44,113,172
15:09:52.624	0,41,114,173
15:09:52.711	 Start Run: 2
15:09:52.832	1,43,116,183
15:09:52.952	2,46,114,176
15:09:53.072	0,43,115,177
15:09:53.296	1,45,116,183
15:09:53.416	2,47,114,174
15:09:53.536	0,63,115,168
15:09:53.761	1,45,116,182
15:09:53.881	2,46,114,175
15:09:54.001	0,42,114,175
15:09:54.212	1,46,114,180
15:09:54.332	2,48,111,170
15:09:54.452	0,11,108,164
15:09:54.677	1,203,101,204
15:09:54.795	2,334,98,185
15:09:54.916	0,45,125,202
15:09:55.142	1,45,132,203
15:09:55.261	2,46,130,191
15:09:55.382	0,42,134,198
15:09:55.591	1,44,133,203
15:09:55.712	2,46,130,194
15:09:55.832	0,40,134,191
15:09:56.056	1,45,133,200
15:09:56.177	2,46,129,193
15:09:56.297	0,41,133,196
15:09:56.524	1,44,133,202
15:09:56.641	2,46,129,194
15:09:56.761	0,41,133,197
15:09:56.972	1,44,132,199
15:09:57.092	2,46,128,192
15:09:57.212	0,41,133,197
15:09:57.437	1,43,133,202
15:09:57.557	2,45,128,193
15:09:57.676	0,52,133,194
15:09:57.901	1,44,132,199
15:09:58.022	2,46,129,195
15:09:58.142	0,41,133,192
15:09:58.352	1,44,132,203
15:09:58.472	2,63,129,190
15:09:58.592	0,40,133,197
15:09:58.816	1,4,133,203
15:09:58.937	2,45,129,194
15:09:59.056	0,40,134,197
15:09:59.282	1,44,133,204
15:09:59.401	2,45,128,190
15:09:59.524	0,41,133,194
15:09:59.746	1,43,132,198
15:09:59.867	2,46,129,193
15:09:59.987	0,41,132,198
15:10:00.196	1,44,133,203
15:10:00.317	2,76,129,193
15:10:00.437	0,72,134,189
15:10:00.662	1,44,134,198
15:10:00.781	2,45,129,194
15:10:00.901	0,40,133,196
15:10:01.126	1,44,132,204
15:10:01.246	2,29,129,191
15:10:01.367	0,42,133,194
15:10:01.592	1,44,132,202
15:10:01.712	2,46,129,191
15:10:01.832	0,41,133,198
15:10:02.041	1,44,132,203
15:10:02.162	2,47,129,191
15:10:02.281	0,42,133,198
15:10:02.506	1,45,133,205
15:10:02.627	2,48,128,195
15:10:02.746	0,54,133,189
15:10:02.971	1,58,131,209
15:10:03.092	2,203,116,179
15:10:03.211	0,93,126,215
15:10:03.437	1,279,105,221
15:10:03.557	2,183,97,184
15:10:03.677	0,265,100,172
15:10:03.887	1,113,99,195
15:10:04.006	2,57,102,176
15:10:04.127	0,129,98,155
15:10:04.352	1,69,102,183
15:10:04.471	2,55,101,175
15:10:04.591	0,129,97,153
15:10:04.815	1,77,101,184
15:10:04.937	2,55,103,176
15:10:05.057	0,131,97,156
15:10:05.282	1,75,101,184
15:10:05.386	2,83,102,168
15:10:05.524	0,134,97,155
15:10:05.731	1,70,102,180
15:10:05.852	2,55,103,176
15:10:05.971	0,134,98,155
15:10:06.196	1,77,101,186
15:10:06.316	2,55,102,171
15:10:06.437	0,130,97,153
15:10:06.662	1,75,101,180
15:10:06.782	2,55,103,171
15:10:06.901	0,135,97,157
15:10:07.127	1,78,102,186
15:10:07.247	2,58,103,168
15:10:07.367	0,211,95,163
15:10:07.577	1,303,97,219
15:10:07.696	2,287,97,179
15:10:07.816	0,43,130,199
15:10:08.041	1,46,132,205
15:10:08.162	2,37,129,191
15:10:08.281	0,41,132,193
15:10:08.506	1,43,133,203
15:10:08.627	2,46,129,194
15:10:08.746	0,42,133,196
15:10:08.971	1,44,132,203
15:10:09.091	2,46,128,189
15:10:09.212	0,41,132,196
15:10:09.424	1,43,133,201
15:10:09.541	2,45,128,192
15:10:09.661	0,40,133,190
15:10:09.887	1,44,131,202
15:10:10.005	2,46,128,191
15:10:10.127	0,42,133,196
15:10:10.351	1,43,132,202
15:10:10.471	2,46,128,190
15:10:10.591	0,41,133,196
15:10:10.816	1,44,132,198
15:10:10.936	2,46,128,193
15:10:11.057	0,41,133,197
15:10:11.267	1,43,132,202
15:10:11.387	2,45,128,193
15:10:11.506	0,43,133,193
15:10:11.732	1,45,133,195
15:10:11.852	2,47,128,194
15:10:11.972	0,42,132,198
15:10:12.195	1,46,131,203
15:10:12.317	2,67,126,185
15:10:12.436	0,46,131,202
15:10:12.647	1,243,106,223
15:10:12.767	2,139,96,188
15:10:12.887	0,158,95,154
15:10:12.992	 Finish Run: 2
15:10:13.112	1,48,105,174
15:10:13.232	2,48,107,170
15:10:13.352	0,42,110,172
15:10:13.576	1,50,114,178
15:10:13.696	2,46,114,177
15:10:13.816	0,42,115,178
15:10:14.027	1,44,117,185
15:10:14.161	2,46,115,169
15:10:14.281	0,41,115,178
15:10:14.492	1,45,116,180
15:10:14.612	2,45,114,177
15:10:14.732	0,41,116,174
15:10:14.956	1,45,116,184
15:10:15.077	2,30,114,174
15:10:15.195	0,42,116,177
15:10:15.302	 Start Run: 3
15:10:15.424	1,44,116,181
15:10:15.542	2,46,115,177
15:10:15.662	0,42,115,178
15:10:15.871	1,45,116,185
15:10:15.990	2,46,114,173
15:10:16.126	0,42,115,178
15:10:16.337	1,44,117,182
15:10:16.457	2,46,115,177
15:10:16.577	0,41,116,176
15:10:16.802	1,45,117,184
15:10:16.924	2,46,115,176
15:10:17.041	0,42,116,179
15:10:17.266	1,44,118,184
15:10:17.386	2,47,115,175
15:10:17.506	0,42,116,179
15:10:17.716	1,45,117,185
15:10:17.837	2,46,115,175
15:10:17.957	0,43,117,178
15:10:18.180	1,44,116,182
15:10:18.301	2,47,112,175
15:10:18.424	0,44,113,170
15:10:18.646	1,78,110,164
15:10:18.766	2,50,107,169
15:10:18.887	0,113,102,157
15:10:19.096	1,293,97,223
15:10:19.216	2,194,100,178
15:10:19.336	0,43,132,200
15:10:19.562	1,25,134,201
15:10:19.681	2,46,130,195
15:10:19.801	0,40,134,198
15:10:20.027	1,43,132,203
15:10:20.146	2,45,129,194
15:10:20.266	0,41,134,194
15:10:20.491	1,43,133,200
15:10:20.612	2,46,129,194
15:10:20.731	0,41,133,197
15:10:20.942	1,19,133,195
15:10:21.062	2,31,129,186
15:10:21.180	0,41,132,196
15:10:21.407	1,44,132,202
15:10:21.526	2,45,128,190
15:10:21.647	0,40,132,195
15:10:21.872	1,44,132,201
15:10:21.991	2,40,128,190
15:10:22.112	0,43,132,192
15:10:22.324	1,43,132,201
15:10:22.441	2,46,128,193
15:10:22.562	0,42,132,196
15:10:22.787	1,44,133,202
15:10:22.907	2,10,129,188
15:10:23.027	0,41,132,197
15:10:23.251	1,15,133,196
15:10:23.372	2,46,129,194
15:10:23.491	0,40,133,197
15:10:23.715	1,45,132,200
15:10:23.836	2,46,130,194
15:10:23.956	0,41,134,193
15:10:24.166	1,43,132,203
15:10:24.287	2,46,129,194
15:10:24.410	0,41,134,198
15:10:24.631	1,44,132,203
15:10:24.750	2,46,128,192
15:10:24.871	0,41,133,197
15:10:25.096	1,43,132,203
15:10:25.216	2,45,129,193
15:10:25.327	0,42,132,198
15:10:25.545	1,89,133,193
15:10:25.666	2,46,129,195
15:10:25.785	0,42,134,196
15:10:26.012	1,44,133,203
15:10:26.131	2,46,129,191
15:10:26.250	0,39,134,197
15:10:26.476	1,90,133,199
15:10:26.595	2,46,129,193
15:10:26.715	0,40,133,198
15:10:26.942	1,44,134,204
15:10:27.062	2,46,130,192
15:10:27.189	0,43,134,198
15:10:27.391	1,46,133,201
15:10:27.510	2,158,122,180
15:10:27.632	0,137,126,207
15:10:27.855	1,90,98,176
15:10:27.975	2,47,105,160
15:10:28.095	0,44,107,172
15:10:28.322	1,46,113,180
15:10:28.441	2,46,113,176
15:10:28.560	0,42,115,178
15:10:28.787	1,45,118,186
15:10:28.906	2,46,115,175
15:10:29.026	0,61,117,177
15:10:29.237	1,44,117,185
15:10:29.357	2,47,115,177
15:10:29.476	0,43,115,176
15:10:29.701	1,46,114,183
15:10:29.824	2,55,113,170
15:10:29.941	0,44,111,173
15:10:30.167	1,43,112,167
15:10:30.287	2,48,109,170
15:10:30.406	0,46,106,162
15:10:30.616	1,54,104,175
15:10:30.737	2,52,104,167
15:10:30.856	0,189,97,156
15:10:31.081	1,300,97,219
15:10:31.202	2,318,96,183
15:10:31.324	0,54,122,215
15:10:31.545	1,46,132,203
15:10:31.666	2,47,130,194
15:10:31.787	0,41,134,197
15:10:31.995	1,43,132,202
15:10:32.116	2,45,128,193
15:10:32.237	0,35,133,190
15:10:32.461	1,36,134,196
15:10:32.581	2,45,129,193
15:10:32.701	0,42,133,196
15:10:32.927	1,44,133,202
15:10:33.045	2,46,129,192
15:10:33.166	0,41,134,197
15:10:33.377	1,40,132,198
15:10:33.495	2,45,129,189
15:10:33.616	0,40,133,196
15:10:33.841	1,43,132,202
15:10:33.962	2,44,128,193
15:10:34.080	0,41,132,194
15:10:34.306	1,93,133,200
15:10:34.426	2,46,130,194
15:10:34.546	0,35,134,189
15:10:34.771	1,44,133,202
15:10:34.891	2,27,129,189
15:10:35.012	0,40,134,197
15:10:35.223	1,44,133,201
15:10:35.342	2,45,129,193
15:10:35.461	0,40,133,197
15:10:35.687	1,44,133,202
15:10:35.807	2,45,128,190
15:10:35.926	0,41,133,194
15:10:36.152	1,43,132,198
15:10:36.272	2,47,128,193
15:10:36.391	0,42,133,199
15:10:36.481	 Finish Run: 3
15:10:36.601	1,46,133,204
15:10:36.724	2,60,128,194
15:10:36.841	0,94,133,195
15:10:37.067	1,262,111,204
15:10:37.187	2,68,100,182
15:10:37.306	0,59,98,156
15:10:37.531	1,46,110,179
15:10:37.651	2,47,111,174
15:10:37.772	0,43,115,178
15:10:37.981	1,44,117,181
15:10:38.101	2,80,114,175
15:10:38.222	0,41,117,180
15:10:38.326	 Start Run: 4
15:10:38.446	1,44,117,185
15:10:38.567	2,46,116,175
15:10:38.686	0,43,117,180
15:10:38.912	1,44,118,181
15:10:39.031	2,46,116,180
15:10:39.151	0,68,118,169
15:10:39.362	1,45,118,185
15:10:39.496	2,53,116,175
15:10:39.616	0,42,117,179
15:10:39.825	1,45,117,182
15:10:39.946	2,46,115,178
15:10:40.066	0,41,117,179
15:10:40.291	1,44,118,186
15:10:40.412	2,38,115,175
15:10:40.531	0,42,116,176
15:10:40.757	1,44,117,182
15:10:40.877	2,47,114,175
15:10:40.996	0,44,113,176
15:10:41.223	1,49,110,175
15:10:41.342	2,0,104,164
15:10:41.462	0,223,99,200
15:10:41.671	1,47,130,204
15:10:41.792	2,46,130,193
15:10:41.912	0,40,132,197
15:10:42.137	1,44,132,201
15:10:42.257	2,42,128,190
15:10:42.376	0,41,132,192
15:10:42.601	1,43,132,201
15:10:42.723	2,45,129,193
15:10:42.841	0,42,133,197
15:10:43.053	1,44,133,202
15:10:43.172	2,46,129,190
15:10:43.291	0,41,133,197
15:10:43.516	1,43,133,202
15:10:43.636	2,45,129,194
15:10:43.757	0,40,134,195
15:10:43.980	1,44,133,202
15:10:44.101	2,45,129,190
15:10:44.224	0,41,133,197
15:10:44.447	1,44,132,202
15:10:44.567	2,27,129,191
15:10:44.687	0,41,133,197
15:10:44.912	1,44,132,202
15:10:45.032	2,46,129,194
15:10:45.152	0,41,133,197
15:10:45.362	1,43,133,202
15:10:45.482	2,45,129,193
15:10:45.601	0,39,133,194
15:10:45.827	1,44,133,201
15:10:45.946	2,46,129,187
15:10:46.066	0,41,133,197
15:10:46.291	1,45,132,203
15:10:46.412	2,45,128,193
15:10:46.531	0,40,134,197
15:10:46.742	1,44,133,200
15:10:46.862	2,46,128,193
15:10:46.982	0,40,133,196
15:10:47.206	1,43,133,202
15:10:47.326	2,46,129,194
15:10:47.446	0,41,132,196
15:10:47.672	1,44,133,198
15:10:47.791	2,18,128,190
15:10:47.912	0,41,133,196
15:10:48.123	1,43,132,203
15:10:48.242	2,45,128,193
15:10:48.361	0,40,134,196
15:10:48.587	1,45,132,202
15:10:48.706	2,45,129,194
15:10:48.827	0,42,133,193
15:10:49.051	1,43,132,202
15:10:49.172	2,46,129,190
15:10:49.292	0,41,133,196
15:10:49.516	1,44,132,202
15:10:49.623	2,46,129,193
15:10:49.748	0,41,133,197
15:10:49.966	1,42,133,203
15:10:50.087	2,45,128,193
15:10:50.205	0,62,133,194
15:10:50.431	1,45,133,202
15:10:50.551	2,45,130,194
15:10:50.672	0,64,133,189
15:10:50.896	1,44,132,202
15:10:51.016	2,45,129,190
15:10:51.137	0,40,133,196
15:10:51.346	1,40,132,201
15:10:51.465	2,45,129,193
15:10:51.586	0,40,132,193
15:10:51.812	1,43,133,203
15:10:51.931	2,45,129,190
15:10:52.050	0,42,133,197
15:10:52.276	1,14,132,198
15:10:52.395	2,45,128,190
15:10:52.516	0,41,133,196
15:10:52.736	1,43,132,202
15:10:52.863	2,45,129,194
15:10:52.981	0,15,133,189
15:10:53.191	1,24,134,198
15:10:53.312	2,45,129,193
15:10:53.430	0,37,133,196
15:10:53.656	1,44,132,202
15:10:53.776	2,46,129,193
15:10:53.895	0,41,134,196
15:10:54.122	1,83,132,198
15:10:54.244	2,45,128,190
15:10:54.363	0,40,134,196
15:10:54.587	1,42,132,202
15:10:54.706	2,45,128,189
15:10:54.830	0,41,133,192
15:10:55.035	1,43,131,198
15:10:55.156	2,45,129,193
15:10:55.276	0,35,133,195
15:10:55.501	1,35,133,198
15:10:55.624	2,20,129,191
15:10:55.740	0,40,134,197
15:10:55.962	1,44,133,199
15:10:56.087	2,45,129,194
15:10:56.206	0,40,134,196
15:10:56.415	1,45,133,203
15:10:56.536	2,46,128,191
15:10:56.657	0,42,133,197
15:10:56.883	1,45,133,202
15:10:57.002	2,50,128,193
15:10:57.123	0,44,134,200
15:10:57.345	1,95,128,223
15:10:57.466	2,291,110,170
15:10:57.586	0,98,126,204
15:10:57.811	1,229,112,220
15:10:57.931	2,302,105,183
15:10:58.051	0,67,128,208
15:10:58.263	1,57,127,213
15:10:58.381	2,64,125,189
15:10:58.501	0,44,134,199
15:10:58.606	 Finish Run: 4
15:10:58.727	1,44,134,203
15:10:58.846	2,58,128,190
15:10:58.966	0,41,133,198
15:10:59.191	1,43,133,202
15:10:59.312	2,31,129,189
15:10:59.429	0,41,133,197
15:10:59.645	1,43,132,201
15:10:59.764	2,46,128,193
15:10:59.885	0,26,133,188
15:11:00.128	1,45,134,206
15:11:00.235	2,21,128,188
15:11:00.346	0,47,132,206
15:11:00.451	 Start Run: 5
15:11:00.584	1,279,106,216
15:11:00.691	2,73,97,171
15:11:00.812	0,67,97,156
15:11:01.036	1,47,110,178
15:11:01.150	2,38,110,171
15:11:01.268	0,43,111,170
15:11:01.506	1,44,115,177
15:11:01.614	2,47,113,174
15:11:01.729	0,43,113,176
15:11:01.951	1,46,114,182
15:11:02.073	2,31,112,167
15:11:02.191	0,12,112,163
15:11:02.412	1,48,109,173
15:11:02.537	2,48,108,168
15:11:02.657	0,49,104,160
15:11:02.880	1,73,100,174
15:11:03.001	2,65,97,168
15:11:03.122	0,282,95,171
15:11:03.331	1,264,100,223
15:11:03.450	2,266,104,180
15:11:03.571	0,50,128,208
15:11:03.795	1,48,129,204
15:11:03.908	2,52,126,190
15:11:04.029	0,43,132,198
15:11:04.255	1,44,132,203
15:11:04.382	2,46,128,194
15:11:04.501	0,63,133,186
15:11:04.712	1,43,133,202
15:11:04.836	2,46,130,189
15:11:04.959	0,42,133,196
15:11:05.177	1,44,133,203
15:11:05.296	2,38,129,191
15:11:05.415	0,41,134,198
15:11:05.641	1,44,133,203
15:11:05.762	2,46,130,194
15:11:05.882	0,41,133,197
15:11:06.095	1,43,133,202
15:11:06.223	2,45,129,194
15:11:06.335	0,32,133,193
15:11:06.556	1,44,133,203
15:11:06.677	2,46,130,193
15:11:06.796	0,41,133,197
15:11:07.024	1,44,133,203
15:11:07.141	2,45,129,191
15:11:07.262	0,40,133,197
15:11:07.476	1,44,133,202
15:11:07.597	2,46,129,193
15:11:07.716	0,40,133,197
15:11:07.935	1,43,133,203
15:11:08.056	2,46,129,194
15:11:08.176	0,41,133,194
15:11:08.400	1,44,133,199
15:11:08.522	2,46,129,191
15:11:08.641	0,41,133,197
15:11:08.858	1,43,133,198
15:11:08.975	2,45,129,194
15:11:09.098	0,40,133,197
15:11:09.315	1,44,132,198
15:11:09.436	2,46,129,193
15:11:09.555	0,24,133,193
15:11:09.781	1,43,133,202
15:11:09.900	2,46,129,193
15:11:10.020	0,41,133,197
15:11:10.245	1,44,132,199
15:11:10.366	2,46,129,190
15:11:10.485	0,41,133,197
15:11:10.712	1,43,133,202
15:11:10.821	2,45,128,193
15:11:10.956	0,41,133,193
15:11:11.161	1,82,133,188
15:11:11.280	2,46,129,195
15:11:11.401	0,41,133,197
15:11:11.656	1,44,132,202
15:11:11.760	2,43,129,190
15:11:11.863	0,40,133,197
15:11:12.107	1,40,131,199
15:11:12.212	2,46,128,194
15:11:12.331	0,40,132,196
15:11:12.537	1,44,132,203
15:11:12.660	2,45,129,192
15:11:12.781	0,8,133,195
15:11:12.999	1,22,132,200
15:11:13.125	2,46,130,194
15:11:13.237	0,40,133,197
15:11:13.463	1,28,133,193
15:11:13.589	2,45,129,194
15:11:13.708	0,40,134,196
15:11:13.924	1,71,132,200
15:11:14.040	2,46,129,194
15:11:14.161	0,40,133,195
15:11:14.385	1,44,132,203
15:11:14.506	2,46,129,193
15:11:14.626	0,41,133,196
15:11:14.838	1,43,132,199
15:11:14.970	2,46,128,193
15:11:15.091	0,41,131,192
15:11:15.301	1,44,123,191
15:11:15.422	2,58,119,174
15:11:15.541	0,29,122,176
15:11:15.795	1,41,121,181
15:11:15.900	2,45,118,181
15:11:15.999	0,40,123,187
15:11:16.238	1,44,132,203
15:11:16.348	2,35,128,193
15:11:16.465	0,41,133,197
15:11:16.680	1,43,133,201
15:11:16.818	2,42,129,191
15:11:16.931	0,41,133,196
15:11:17.146	1,44,133,202
15:11:17.259	2,38,129,191
15:11:17.383	0,41,133,197
15:11:17.607	1,44,133,203
15:11:17.731	2,45,128,194
15:11:17.867	0,40,135,185
15:11:18.061	1,44,133,203
15:11:18.180	2,42,129,191
15:11:18.313	0,41,133,197
15:11:18.526	1,44,133,203
15:11:18.646	2,45,129,190
15:11:18.766	0,41,133,197
15:11:19.004	1,44,133,203
15:11:19.105	2,46,129,193
15:11:19.227	0,41,133,194
15:11:19.448	1,43,132,203
15:11:19.570	2,46,129,194
15:11:19.696	0,42,133,197
15:11:19.912	1,44,132,204
15:11:20.043	2,46,129,185
15:11:20.151	0,40,133,194
15:11:20.366	1,44,132,202
15:11:20.491	2,45,128,191
15:11:20.612	0,40,129,191
15:11:20.836	1,44,124,195
15:11:20.956	2,45,122,182
15:11:21.070	0,22,124,182
15:11:21.302	1,43,125,193
15:11:21.415	2,46,122,185
15:11:21.542	0,42,125,188
15:11:21.752	1,44,125,194
15:11:21.870	2,46,122,182
15:11:21.990	0,41,126,189
15:11:22.229	1,43,126,195
15:11:22.331	2,45,123,186
15:11:22.456	0,59,127,179
15:11:22.679	1,43,126,195
15:11:22.801	2,45,123,184
15:11:22.924	0,42,126,188
15:11:23.012	 Finish Run: 5
15:11:23.131	1,44,126,195
15:11:23.252	2,32,123,182
15:11:23.381	0,41,126,189
15:11:23.615	1,44,126,192
15:11:23.741	2,46,123,186
15:11:23.874	0,40,126,188
15:11:24.061	1,43,125,193
15:11:24.178	2,45,122,185
15:11:24.304	0,39,125,185
15:11:24.554	1,45,125,194
15:11:24.677	2,47,121,186
15:11:24.782	0,46,125,182
15:11:24.857	 Start Run: 6
15:11:24.976	1,48,124,193
15:11:25.095	2,108,116,169
15:11:25.220	0,80,120,206
15:11:25.441	1,109,87,166
15:11:25.561	2,51,94,157
15:11:25.680	0,46,95,158
15:11:25.906	1,45,105,170
15:11:26.026	2,47,105,166
15:11:26.147	0,43,108,167
15:11:26.368	1,45,112,181
15:11:26.483	2,24,113,173
15:11:26.601	0,42,115,178
15:11:26.824	1,44,116,183
15:11:26.941	2,45,114,176
15:11:27.061	0,41,116,178
15:11:27.286	1,45,116,183
15:11:27.423	2,46,115,176
15:11:27.531	0,43,116,174
15:11:27.751	1,45,116,184
15:11:27.872	2,46,114,176
15:11:27.980	0,42,115,177
15:11:28.200	1,45,116,183
15:11:28.320	2,47,114,173
15:11:28.440	0,42,116,178
15:11:28.666	1,44,116,184
15:11:28.780	2,46,114,177
15:11:28.902	0,43,116,177
15:11:29.131	1,49,116,174
15:11:29.250	2,46,114,176
15:11:29.371	0,43,116,178
15:11:29.593	1,45,116,183
15:11:29.716	2,46,114,173
15:11:29.836	0,41,116,177
15:11:30.041	1,1,116,179
15:11:30.163	2,47,114,176
15:11:30.286	0,41,116,178
15:11:30.505	1,45,116,183
15:11:30.624	2,46,114,174
15:11:30.751	0,45,115,175
15:11:30.976	1,44,116,179
15:11:31.089	2,46,114,177
15:11:31.212	0,42,115,177
15:11:31.427	1,4,117,174
15:11:31.561	2,57,114,171
15:11:31.666	0,41,114,177
15:11:31.890	1,45,117,180
15:11:32.011	2,45,114,176
15:11:32.131	0,41,115,174
15:11:32.357	1,45,116,183
15:11:32.476	2,58,114,173
15:11:32.595	0,24,115,176
15:11:32.824	1,44,116,182
15:11:32.941	2,46,114,176
15:11:33.051	0,43,115,177
15:11:33.270	1,46,114,181
15:11:33.391	2,47,111,168
15:11:33.512	0,44,110,170
15:11:33.737	1,20,106,159
15:11:33.857	2,70,100,152
15:11:33.976	0,210,87,177
15:11:34.201	1,53,124,204
15:11:34.324	2,49,126,192
15:11:34.432	0,43,131,197
15:11:34.650	1,43,131,201
15:11:34.771	2,46,128,189
15:11:34.891	0,41,132,197
15:11:35.115	1,44,131,200
15:11:35.235	2,46,127,190
15:11:35.356	0,42,132,195
15:11:35.581	1,43,132,201
15:11:35.701	2,45,128,194
15:11:35.823	0,32,132,189
15:11:36.034	1,40,133,199
15:11:36.162	2,46,129,193
15:11:36.282	0,41,132,197
15:11:36.504	1,44,132,202
15:11:36.616	2,14,129,191
15:11:36.751	0,41,132,196
15:11:36.962	1,44,132,202
15:11:37.080	2,46,128,194
15:11:37.196	0,41,133,196
15:11:37.426	1,43,132,201
15:11:37.546	2,45,128,193
15:11:37.666	0,41,133,195
15:11:37.880	1,44,131,200
15:11:38.006	2,46,126,187
15:11:38.131	0,65,125,170
15:11:38.341	1,44,109,173
15:11:38.461	2,46,104,160
15:11:38.596	0,40,102,156
15:11:38.807	1,44,99,160
15:11:38.926	2,46,96,152
15:11:39.046	0,40,97,149
15:11:39.264	1,43,98,157
15:11:39.385	2,46,96,152
15:11:39.503	0,41,99,154
15:11:39.722	1,44,99,159
15:11:39.857	2,71,96,148
15:11:39.976	0,41,99,155
15:11:40.182	1,43,101,164
15:11:40.305	2,45,103,165
15:11:40.426	0,66,110,163
15:11:40.651	1,44,117,184
15:11:40.772	2,46,120,183
15:11:40.891	0,42,123,184
15:11:41.104	1,44,122,189
15:11:41.232	2,46,118,178
15:11:41.347	0,41,121,181
15:11:41.569	1,44,117,182
15:11:41.685	2,46,114,178
15:11:41.806	0,41,121,185
15:11:42.031	1,43,127,198
15:11:42.151	2,45,126,190
15:11:42.271	0,17,131,191
15:11:42.492	1,45,131,198
15:11:42.610	2,46,128,193
15:11:42.731	0,70,131,187
15:11:42.949	1,45,130,200
15:11:43.081	2,46,127,188
15:11:43.200	0,41,130,194
15:11:43.412	1,45,129,197
15:11:43.530	2,48,127,189
15:11:43.651	0,42,129,191
15:11:43.876	1,48,127,197
15:11:43.995	2,118,112,153
15:11:44.116	0,92,123,186
15:11:44.336	1,136,85,170
15:11:44.454	2,53,99,169
15:11:44.578	0,48,99,162
15:11:44.795	1,46,110,176
15:11:44.916	2,46,109,173
15:11:45.043	0,16,113,166
15:11:45.253	1,72,117,179
15:11:45.376	2,46,113,174
15:11:45.495	0,11,113,171
15:11:45.722	1,45,113,180
15:11:45.841	2,47,111,168
15:11:45.961	0,45,108,168
15:11:46.173	1,61,105,179
15:11:46.305	2,149,101,181
15:11:46.426	0,80,96,183
15:11:46.635	1,45,130,201
15:11:46.756	2,47,129,191
15:11:46.876	0,41,133,198
15:11:47.115	1,44,133,205
15:11:47.249	2,46,130,197
15:11:47.359	0,10,136,188
15:11:47.446	 Finish Run: 6
15:11:47.565	1,45,135,206
15:11:47.687	2,50,131,190
15:11:47.796	0,41,134,199
15:11:48.015	1,44,134,206
15:11:48.139	2,45,130,196
15:11:48.268	0,40,135,199
15:11:48.481	1,44,135,206
15:11:48.601	2,16,131,193
15:11:48.720	0,69,134,196
15:11:48.946	1,44,134,205
15:11:49.066	2,47,130,195
15:11:49.180	0,43,134,199
15:11:49.292	 Start Run: 7
15:11:49.401	1,46,131,203
15:11:49.528	2,78,125,176
15:11:49.644	0,52,128,190
15:11:49.860	1,204,94,180
15:11:49.989	2,82,101,184
15:11:50.108	0,120,98,155
15:11:50.325	1,49,106,173
15:11:50.446	2,50,105,165
15:11:50.566	0,48,104,160
15:11:50.791	1,51,104,171
15:11:50.912	2,51,104,167
15:11:51.030	0,249,93,163
15:11:51.247	1,91,97,175
15:11:51.372	2,63,98,174
15:11:51.489	0,42,131,196
15:11:51.706	1,43,132,203
15:11:51.826	2,45,128,194
15:11:51.946	0,30,133,195
15:11:52.172	1,70,132,196
15:11:52.292	2,46,130,194
15:11:52.409	0,42,133,198
15:11:52.636	1,44,132,203
15:11:52.757	2,45,128,191
15:11:52.876	0,40,132,198
15:11:53.086	1,44,132,202
15:11:53.206	2,46,129,193
15:11:53.332	0,40,132,193
15:11:53.550	1,43,132,202
15:11:53.671	2,46,129,194
15:11:53.791	0,42,132,198
15:11:54.016	1,44,132,203
15:11:54.135	2,42,129,190
15:11:54.249	0,41,132,197
15:11:54.477	1,43,133,202
15:11:54.601	2,45,129,192
15:11:54.724	0,40,133,193
15:11:54.930	1,45,132,202
15:11:55.051	2,46,130,195
15:11:55.170	0,42,134,198
15:11:55.395	1,44,133,203
15:11:55.516	2,46,130,194
15:11:55.636	0,41,133,197
15:11:55.862	1,44,133,202
15:11:55.981	2,46,129,193
15:11:56.101	0,41,133,197
15:11:56.315	1,43,133,202
15:11:56.450	2,45,128,194
15:11:56.566	0,7,133,195
15:11:56.776	1,44,133,202
15:11:56.896	2,46,130,191
15:11:57.016	0,47,134,189
15:11:57.241	1,45,132,203
15:11:57.360	2,45,129,194
15:11:57.482	0,41,133,198
15:11:57.706	1,44,132,201
15:11:57.826	2,46,130,193
15:11:57.947	0,39,133,194
15:11:58.164	1,43,133,203
15:11:58.291	2,46,129,194
15:11:58.399	0,41,134,197
15:11:58.621	1,44,132,199
15:11:58.742	2,63,129,191
15:11:58.861	0,41,133,197
15:11:59.086	1,43,132,202
15:11:59.201	2,46,129,194
15:11:59.319	0,37,132,192
15:11:59.544	1,31,133,193
15:11:59.667	2,48,127,193
15:11:59.793	0,44,132,196
15:12:00.024	1,50,129,202
15:12:00.140	2,139,120,172
15:12:00.238	0,65,127,205
15:12:00.466	1,165,88,151
15:12:00.583	2,179,86,159
15:12:00.702	0,161,81,142
15:12:00.931	1,58,101,175
15:12:01.050	2,49,104,166
15:12:01.171	0,46,103,163
15:12:01.381	1,47,109,172
15:12:01.501	2,47,109,171
15:12:01.624	0,42,110,172
15:12:01.847	1,12,115,175
15:12:01.966	2,46,113,173
15:12:02.082	0,41,114,176
15:12:02.301	1,45,115,177
15:12:02.426	2,46,113,174
15:12:02.545	0,29,114,172
15:12:02.764	1,44,114,182
15:12:02.888	2,46,113,171
15:12:03.011	0,40,114,175
15:12:03.226	1,45,114,181
15:12:03.346	2,46,112,174
15:12:03.477	0,42,114,174
15:12:03.695	1,44,115,182
15:12:03.812	2,45,112,175
15:12:03.930	0,42,113,171
15:12:04.148	1,82,114,172
15:12:04.267	2,46,113,173
15:12:04.391	0,43,114,176
15:12:04.605	1,45,114,181
15:12:04.726	2,56,113,171
15:12:04.846	0,41,113,174
15:12:05.063	1,45,115,181
15:12:05.185	2,46,112,174
15:12:05.312	0,41,114,174
15:12:05.535	1,44,114,182
15:12:05.649	2,46,111,173
15:12:05.767	0,43,113,172
15:12:05.985	1,46,112,179
15:12:06.117	2,48,110,168
15:12:06.242	0,44,109,170
15:12:06.451	1,75,110,165
15:12:06.570	2,48,107,168
15:12:06.690	0,46,106,165
15:12:06.916	1,51,105,173
15:12:07.036	2,50,104,168
15:12:07.157	0,52,101,157
15:12:07.369	1,48,106,173
15:12:07.497	2,49,107,168
15:12:07.617	0,45,107,170
15:12:07.842	1,46,110,177
15:12:07.951	2,47,109,168
15:12:08.070	0,43,111,171
15:12:08.295	1,45,112,179
15:12:08.415	2,47,110,171
15:12:08.536	0,44,110,168
15:12:08.754	1,91,110,166
15:12:08.878	2,49,108,164
15:12:09.001	0,49,105,163
15:12:09.211	1,104,102,191
15:12:09.331	2,201,101,188
15:12:09.463	0,83,98,181
15:12:09.676	1,49,122,199
15:12:09.796	2,49,123,190
15:12:09.915	0,42,132,196
15:12:10.142	1,44,128,190
15:12:10.261	2,46,115,175
15:12:10.380	0,42,115,170
15:12:10.487	 Finish Run: 7
15:12:10.596	1,45,113,173
15:12:10.718	2,47,109,167
15:12:10.843	0,42,109,168
15:12:11.056	1,47,111,168
15:12:11.175	2,47,111,175
15:12:11.296	0,42,118,187
15:12:11.520	1,51,127,192
15:12:11.639	2,171,111,157
15:12:11.761	0,69,114,171
15:12:11.986	1,150,98,195
15:12:12.106	2,51,102,165
15:12:12.226	0,46,103,166
15:12:12.331	 Start Run: 8
15:12:12.438	1,45,109,172
15:12:12.567	2,46,109,171
15:12:12.690	0,42,112,174
15:12:12.901	1,44,112,177
15:12:13.020	2,46,108,168
15:12:13.141	0,42,106,162
15:12:13.366	1,15,108,167
15:12:13.486	2,46,106,166
15:12:13.600	0,42,106,165
15:12:13.825	1,45,107,172
15:12:13.946	2,40,105,162
15:12:14.064	0,41,106,167
15:12:14.284	1,2,107,168
15:12:14.411	2,46,105,166
15:12:14.536	0,41,107,165
15:12:14.746	1,45,108,173
15:12:14.866	2,46,106,162
15:12:14.985	0,23,105,163
15:12:15.212	1,61,105,168
15:12:15.331	2,47,103,160
15:12:15.451	0,44,101,162
15:12:15.676	1,47,99,163
15:12:15.795	2,50,98,157
15:12:15.916	0,245,85,146
15:12:16.135	1,96,90,162
15:12:16.255	2,54,94,167
15:12:16.379	0,41,114,173
15:12:16.591	1,44,118,184
15:12:16.712	2,46,115,173
15:12:16.831	0,42,116,176
15:12:17.047	1,43,114,174
15:12:17.171	2,46,110,168
15:12:17.288	0,41,111,171
15:12:17.511	1,44,111,173
15:12:17.636	2,45,106,160
15:12:17.756	0,41,107,167
15:12:17.970	1,39,111,162
15:12:18.091	2,46,108,169
15:12:18.212	0,31,111,168
15:12:18.436	1,44,112,176
15:12:18.557	2,46,110,168
15:12:18.676	0,41,113,171
15:12:18.901	1,44,111,173
15:12:19.022	2,45,110,171
15:12:19.142	0,40,112,174
15:12:19.353	1,44,125,200
15:12:19.482	2,77,129,191
15:12:19.606	0,42,133,195
15:12:19.815	1,43,133,200
15:12:19.936	2,45,129,194
15:12:20.055	0,41,133,198
15:12:20.281	1,78,133,194
15:12:20.395	2,65,130,189
15:12:20.515	0,41,134,198
15:12:20.747	1,44,134,202
15:12:20.860	2,45,130,194
15:12:20.986	0,40,133,198
15:12:21.196	1,44,132,204
15:12:21.315	2,28,129,192
15:12:21.436	0,42,133,195
15:12:21.662	1,43,134,203
15:12:21.780	2,46,130,192
15:12:21.901	0,41,134,198
15:12:22.115	1,44,133,203
15:12:22.242	2,33,129,191
15:12:22.360	0,42,134,198
15:12:22.576	1,68,134,195
15:12:22.705	2,47,129,195
15:12:22.828	0,77,133,193
15:12:23.041	1,46,131,202
15:12:23.161	2,16,126,187
15:12:23.280	0,44,131,197
15:12:23.498	1,47,129,201
15:12:23.620	2,67,125,188
15:12:23.741	0,42,131,197
15:12:23.961	1,44,132,203
15:12:24.082	2,29,129,193
15:12:24.206	0,42,133,197
15:12:24.423	1,43,133,203
15:12:24.541	2,45,129,195
15:12:24.661	0,42,133,197
15:12:24.887	1,82,133,193
15:12:25.006	2,25,130,188
15:12:25.126	0,41,134,198
15:12:25.351	1,44,134,203
15:12:25.472	2,45,129,194
15:12:25.580	0,40,133,198
15:12:25.801	1,45,133,202
15:12:25.919	2,41,128,191
15:12:26.052	0,35,132,193
15:12:26.266	1,44,132,202
15:12:26.385	2,48,128,194
15:12:26.506	0,43,131,197
15:12:26.730	1,46,131,201
15:12:26.851	2,48,128,189
15:12:26.963	0,43,131,196
15:12:27.184	1,44,133,194
15:12:27.313	2,46,128,195
15:12:27.429	0,40,134,195
15:12:27.646	1,44,132,204
15:12:27.765	2,45,130,192
15:12:27.894	0,42,133,198
15:12:28.112	1,44,133,202
15:12:28.231	2,24,129,191
15:12:28.351	0,41,133,198
15:12:28.576	1,44,132,203
15:12:28.696	2,46,129,191
15:12:28.815	0,41,133,197
15:12:29.041	1,43,132,203
15:12:29.147	2,45,128,193
15:12:29.281	0,42,133,193
15:12:29.491	1,44,132,204
15:12:29.611	2,47,130,194
15:12:29.731	0,41,132,197
15:12:29.945	1,44,132,202
15:12:30.074	2,45,128,190
15:12:30.196	0,40,132,196
15:12:30.409	1,44,132,202
15:12:30.534	2,46,128,189
15:12:30.657	0,52,131,194
15:12:30.870	1,43,132,203
15:12:30.990	2,46,128,193
15:12:31.112	0,42,132,196
15:12:31.335	1,44,131,202
15:12:31.456	2,22,129,190
15:12:31.576	0,41,132,197
15:12:31.801	1,43,132,203
15:12:31.924	2,45,129,193
15:12:32.041	0,40,134,197
15:12:32.254	1,45,132,203
15:12:32.381	2,46,129,193
15:12:32.506	0,41,134,194
15:12:32.715	1,44,133,202
15:12:32.835	2,46,130,195
15:12:32.955	0,41,133,197
15:12:33.177	1,44,133,201
15:12:33.295	2,46,129,192
15:12:33.414	0,41,133,197
15:12:33.526	 Finish Run: 8
15:12:33.635	1,44,133,203
15:12:33.764	2,45,129,194
15:12:33.885	0,42,134,194
15:12:34.095	1,11,133,199
15:12:34.215	2,46,130,196
15:12:34.336	0,42,133,194
15:12:34.553	1,44,132,203
15:12:34.679	2,35,129,191
15:12:34.797	0,40,133,197
15:12:35.016	1,9,131,198
15:12:35.147	2,47,128,194
15:12:35.257	0,42,132,195
15:12:35.475	1,48,129,202
15:12:35.596	2,166,118,164
15:12:35.715	0,112,126,200
15:12:35.824	 Start Run: 9
15:12:35.933	1,163,95,190
15:12:36.056	2,52,102,169
15:12:36.183	0,50,100,161
15:12:36.397	1,47,108,177
15:12:36.518	2,47,109,169
15:12:36.642	0,43,110,168
15:12:36.856	1,47,111,176
15:12:36.985	2,47,109,171
15:12:37.104	0,43,109,166
15:12:37.317	1,48,109,175
15:12:37.440	2,50,108,165
15:12:37.562	0,69,103,159
15:12:37.785	1,243,97,199
15:12:37.906	2,289,95,150
15:12:38.026	0,50,112,202
15:12:38.239	1,45,131,202
15:12:38.367	2,29,129,190
15:12:38.482	0,42,134,198
15:12:38.712	1,43,134,202
15:12:38.820	2,46,129,194
15:12:38.952	0,27,133,196
15:12:39.176	1,44,133,202
15:12:39.286	2,39,129,192
15:12:39.405	0,42,133,197
15:12:39.625	1,44,133,202
15:12:39.744	2,45,129,194
15:12:39.870	0,41,134,198
15:12:40.085	1,44,133,203
15:12:40.211	2,30,129,191
15:12:40.330	0,41,133,194
15:12:40.550	1,43,133,198
15:12:40.666	2,46,130,194
15:12:40.786	0,42,134,197
15:12:41.012	1,44,133,203
15:12:41.131	2,11,130,188
15:12:41.250	0,40,133,198
15:12:41.476	1,45,133,199
15:12:41.596	2,45,128,193
15:12:41.713	0,40,132,197
15:12:41.935	1,44,132,203
15:12:42.056	2,22,129,191
15:12:42.177	0,41,132,195
15:12:42.391	1,43,133,198
15:12:42.519	2,46,129,195
15:12:42.641	0,41,133,197
15:12:42.856	1,44,133,202
15:12:42.975	2,46,129,190
15:12:43.092	0,42,133,197
15:12:43.312	1,43,133,204
15:12:43.441	2,46,130,195
15:12:43.561	0,73,133,192
15:12:43.786	1,44,133,205
15:12:43.906	2,47,130,191
15:12:44.014	0,42,134,199
15:12:44.236	1,44,133,204
15:12:44.365	2,45,130,192
15:12:44.476	0,40,133,198
15:12:44.700	1,44,133,204
15:12:44.820	2,46,129,195
15:12:44.936	0,40,133,195
15:12:45.156	1,43,133,204
15:12:45.280	2,45,130,194
15:12:45.402	0,42,133,197
15:12:45.626	1,44,134,204
15:12:45.735	2,46,130,195
15:12:45.855	0,25,133,190
15:12:46.081	1,41,134,201
15:12:46.201	2,45,130,195
15:12:46.324	0,40,133,197
15:12:46.546	1,44,132,205
15:12:46.661	2,46,129,194
15:12:46.786	0,34,134,194
15:12:46.997	1,43,132,203
15:12:47.129	2,46,130,195
15:12:47.251	0,41,134,197
15:12:47.462	1,44,133,203
15:12:47.580	2,46,130,191
15:12:47.700	0,41,133,197
15:12:47.926	1,43,133,203
15:12:48.047	2,45,130,195
15:12:48.165	0,41,133,195
15:12:48.391	1,50,133,191
15:12:48.511	2,46,130,195
15:12:48.617	0,42,134,198
15:12:48.841	1,44,133,204
15:12:48.962	2,13,130,193
15:12:49.081	0,40,134,198
15:12:49.296	1,45,133,199
15:12:49.426	2,48,129,193
15:12:49.546	0,42,132,197
15:12:49.761	1,47,130,203
15:12:49.885	2,65,125,187
15:12:50.002	0,44,130,193
15:12:50.222	1,51,128,196
15:12:50.340	2,66,121,182
15:12:50.462	0,44,130,196
15:12:50.686	1,45,130,203
15:12:50.806	2,46,128,192
15:12:50.926	0,40,132,196
15:12:51.137	1,35,132,199
15:12:51.266	2,46,129,194
15:12:51.391	0,17,133,194
15:12:51.600	1,44,133,205
15:12:51.721	2,46,129,192
15:12:51.841	0,41,133,196
15:12:52.065	1,82,132,199
15:12:52.180	2,46,129,193
15:12:52.302	0,41,132,197
15:12:52.519	1,45,132,202
15:12:52.652	2,48,127,191
15:12:52.772	0,44,131,196
15:12:52.980	1,51,129,195
15:12:53.115	2,119,117,176
15:12:53.236	0,54,128,184
15:12:53.447	1,58,125,205
15:12:53.566	2,86,119,180
15:12:53.685	0,44,130,196
15:12:53.904	1,46,131,197
15:12:54.026	2,46,128,192
15:12:54.147	0,40,132,196
15:12:54.366	1,44,132,203
15:12:54.496	2,46,129,193
15:12:54.616	0,40,133,194
15:12:54.827	1,43,133,201
15:12:54.957	2,46,129,193
15:12:55.081	0,42,133,197
15:12:55.291	1,44,133,202
15:12:55.412	2,16,129,187
15:12:55.531	0,33,133,195
15:12:55.757	1,39,134,198
15:12:55.876	2,45,129,195
15:12:55.995	0,40,133,194
15:12:56.223	1,45,132,203
15:12:56.328	2,46,128,193
15:12:56.464	0,42,133,197
15:12:56.680	1,43,132,202
15:12:56.791	2,47,129,194
15:12:56.919	0,41,133,198
15:12:57.136	1,44,132,203
15:12:57.255	2,46,129,191
15:12:57.376	0,41,133,196
15:12:57.482	 Finish Run: 9
15:12:57.591	1,43,132,202
15:12:57.715	2,45,129,193
15:12:57.836	0,38,134,193
15:12:58.054	1,20,134,195
15:12:58.179	2,46,130,191
15:12:58.300	0,42,133,198
15:12:58.515	1,44,133,203
15:12:58.636	2,38,130,192
15:12:58.755	0,40,133,198
15:12:58.981	1,44,133,203
15:12:59.100	2,46,130,195
15:12:59.221	0,40,133,194
15:12:59.326	 Start Run: 10
15:12:59.446	1,45,132,203
15:12:59.561	2,47,128,194
15:12:59.680	0,43,132,197
15:12:59.903	1,62,128,197
15:13:00.024	2,228,107,161
15:13:00.145	0,153,118,184
15:13:00.361	1,339,94,158
15:13:00.496	2,54,101,172
15:13:00.603	0,58,99,160
15:13:00.826	1,48,106,171
15:13:00.941	2,48,109,170
15:13:01.066	0,65,109,166
15:13:01.290	1,45,111,178
15:13:01.412	2,48,110,169
15:13:01.531	0,44,110,171
15:13:01.757	1,49,108,169
15:13:01.861	2,50,107,166
15:13:01.996	0,103,103,157
15:13:02.206	1,201,91,180
15:13:02.326	2,124,87,164
15:13:02.447	0,43,130,194
15:13:02.661	1,66,132,189
15:13:02.786	2,46,130,195
15:13:02.912	0,42,133,199
15:13:03.125	1,44,132,203
15:13:03.250	2,46,129,191
15:13:03.369	0,40,133,197
15:13:03.585	1,14,132,198
15:13:03.705	2,46,129,192
15:13:03.825	0,40,133,197
15:13:04.051	1,44,133,203
15:13:04.171	2,45,129,190
15:13:04.291	0,17,133,193
15:13:04.515	1,50,132,199
15:13:04.631	2,46,130,191
15:13:04.748	0,41,133,198
15:13:04.976	1,78,133,194
15:13:05.094	2,45,129,195
15:13:05.223	0,40,134,197
15:13:05.431	1,0,133,203
15:13:05.551	2,45,129,194
15:13:05.670	0,40,133,193
15:13:05.886	1,44,132,202
15:13:06.011	2,46,129,193
15:13:06.130	0,42,133,197
15:13:06.350	1,15,132,200
15:13:06.478	2,33,129,191
15:13:06.601	0,41,133,197
15:13:06.812	1,43,133,203
15:13:06.931	2,45,129,191
15:13:07.051	0,42,133,198
15:13:07.274	1,58,134,193
15:13:07.396	2,46,129,196
15:13:07.515	0,42,134,195
15:13:07.731	1,44,133,203
15:13:07.855	2,46,130,190
15:13:07.978	0,41,133,198
15:13:08.196	1,75,133,199
15:13:08.317	2,46,130,195
15:13:08.440	0,40,134,198
15:13:08.655	1,44,133,205
15:13:08.776	2,45,130,194
15:13:08.896	0,47,133,194
15:13:09.122	1,49,133,200
15:13:09.234	2,46,129,194
15:13:09.356	0,41,133,198
15:13:09.585	1,87,133,194
15:13:09.703	2,45,130,189
15:13:09.818	0,40,134,197
15:13:10.039	1,88,132,199
15:13:10.165	2,45,130,194
15:13:10.291	0,40,133,196
15:13:10.500	1,44,133,204
15:13:10.620	2,46,129,194
15:13:10.740	0,41,133,197
15:13:10.965	1,43,132,198
15:13:11.079	2,35,129,191
15:13:11.201	0,41,133,197
15:13:11.420	1,43,132,203
15:13:11.546	2,45,129,193
15:13:11.664	0,42,132,197
15:13:11.893	1,44,133,197
15:13:12.015	2,46,129,194
15:13:12.136	0,42,132,194
15:13:12.346	1,44,132,202
15:13:12.466	2,46,129,189
15:13:12.585	0,41,133,197
15:13:12.807	1,44,133,198
15:13:12.924	2,46,128,193
15:13:13.046	0,40,132,197
15:13:13.265	1,44,132,202
15:13:13.388	2,45,129,190
15:13:13.512	0,29,132,193
15:13:13.732	1,43,132,198
15:13:13.856	2,46,129,190
15:13:13.981	0,41,132,197
15:13:14.191	1,44,132,202
15:13:14.312	2,45,128,194
15:13:14.431	0,66,132,189
15:13:14.655	1,46,132,197
15:13:14.768	2,46,128,193
15:13:14.895	0,46,131,193
15:13:15.122	1,45,130,201
15:13:15.240	2,48,127,190
15:13:15.361	0,42,131,196
15:13:15.581	1,43,131,199
15:13:15.705	2,46,127,190
15:13:15.819	0,40,132,196
15:13:16.036	1,43,131,201
15:13:16.155	2,45,128,190
15:13:16.276	0,42,133,197
15:13:16.499	1,43,132,201
15:13:16.616	2,45,128,193
15:13:16.740	0,40,133,191
15:13:16.961	1,25,133,198
15:13:17.086	2,28,129,192
15:13:17.206	0,41,133,197
15:13:17.415	1,44,132,203
15:13:17.535	2,45,129,194
15:13:17.654	0,40,133,198
15:13:17.880	1,45,132,202
15:13:18.001	2,46,129,192
15:13:18.123	0,42,133,197
15:13:18.334	1,43,133,202
15:13:18.464	2,46,129,192
15:13:18.586	0,41,133,198
15:13:18.795	1,44,132,203
15:13:18.915	2,30,129,188
15:13:19.047	0,42,132,196
15:13:19.261	1,41,134,190
15:13:19.379	2,46,129,194
15:13:19.501	0,41,133,194
15:13:19.718	1,44,132,204
15:13:19.846	2,13,129,192
15:13:19.965	0,42,134,197
15:13:20.181	1,44,133,200
15:13:20.304	2,74,129,193
15:13:20.420	0,41,133,197
15:13:20.640	1,44,133,205
15:13:20.761	2,28,129,191
15:13:20.880	0,42,133,194
15:13:20.986	 Finish Run: 10
15:13:21.106	1,43,133,201
15:13:21.226	2,46,130,194
15:13:21.347	0,42,133,198
15:13:21.570	1,44,134,202
15:13:21.691	2,27,129,188
15:13:21.811	0,40,134,199
15:13:22.032	1,44,134,201
15:13:22.157	2,46,129,194
15:13:22.276	0,40,134,197
15:13:22.486	1,44,133,205
15:13:22.605	2,39,129,192
15:13:22.741	0,35,134,196
15:13:22.831	 Start Run: 11
15:13:22.950	1,43,133,201
15:13:23.072	2,46,130,195
15:13:23.191	0,42,133,197
15:13:23.415	1,44,134,203
15:13:23.536	2,47,129,190
15:13:23.657	0,42,134,198
15:13:23.867	1,43,134,202
15:13:23.996	2,46,128,194
15:13:24.104	0,58,133,195
15:13:24.332	1,44,132,203
15:13:24.450	2,39,129,191
15:13:24.571	0,41,133,197
15:13:24.785	1,44,133,203
15:13:24.914	2,70,129,191
15:13:25.029	0,41,133,198
15:13:25.248	1,44,134,203
15:13:25.378	2,46,129,191
15:13:25.499	0,41,134,196
15:13:25.710	1,43,133,204
15:13:25.831	2,45,129,195
15:13:25.950	0,42,133,197
15:13:26.176	1,44,133,198
15:13:26.296	2,46,130,194
15:13:26.415	0,41,133,199
15:13:26.632	1,44,133,204
15:13:26.754	2,45,129,194
15:13:26.876	0,40,134,197
15:13:27.095	1,45,133,203
15:13:27.217	2,46,129,191
15:13:27.342	0,40,132,194
15:13:27.555	1,43,133,202
15:13:27.676	2,46,129,193
15:13:27.796	0,42,132,196
15:13:28.015	1,44,131,200
15:13:28.130	2,44,127,187
15:13:28.252	0,41,130,193
15:13:28.477	1,43,130,192
15:13:28.600	2,45,125,190
15:13:28.726	0,40,130,192
15:13:28.936	1,45,129,200
15:13:29.054	2,46,126,189
15:13:29.176	0,42,129,190
15:13:29.401	1,43,128,197
15:13:29.524	2,46,124,184
15:13:29.641	0,41,127,190
15:13:29.856	1,45,125,190
15:13:29.983	2,46,122,183
15:13:30.106	0,41,126,187
15:13:30.315	1,43,125,189
15:13:30.436	2,45,118,175
15:13:30.555	0,41,117,172
15:13:30.780	1,77,119,174
15:13:30.901	2,46,119,182
15:13:31.016	0,42,124,185
15:13:31.234	1,44,117,183
15:13:31.357	2,20,115,174
15:13:31.488	0,40,121,182
15:13:31.695	1,45,121,188
15:13:31.824	2,46,119,180
15:13:31.945	0,40,122,184
15:13:32.161	1,44,123,188
15:13:32.281	2,45,118,176
15:13:32.400	0,42,122,179
15:13:32.654	1,10,121,186
15:13:32.763	2,46,118,175
15:13:32.866	0,41,121,184
15:13:33.097	1,45,125,189
15:13:33.203	2,45,121,182
15:13:33.323	0,40,123,182
15:13:33.576	1,0,120,187
15:13:33.715	2,46,120,181
15:13:33.785	0,40,123,182
15:13:34.013	1,44,124,190
15:13:34.131	2,46,119,179
15:13:34.246	0,42,122,183
15:13:34.470	1,73,125,189
15:13:34.594	2,36,123,183
15:13:34.703	0,41,127,188
15:13:34.922	1,43,124,190
15:13:35.048	2,45,121,177
15:13:35.177	0,41,125,185
15:13:35.386	1,25,123,177
15:13:35.506	2,46,122,184
15:13:35.651	0,31,126,184
15:13:35.850	1,44,125,192
15:13:35.970	2,46,120,179
15:13:36.084	0,41,123,182
15:13:36.305	1,43,118,183
15:13:36.430	2,46,119,181
15:13:36.547	0,40,126,188
15:13:36.766	1,43,125,191
15:13:36.885	2,49,121,179
15:13:37.005	0,41,124,185
15:13:37.231	1,43,124,188
15:13:37.350	2,46,122,183
15:13:37.471	0,41,126,182
15:13:37.697	1,8,125,183
15:13:37.811	2,59,121,176
15:13:37.931	0,41,125,187
15:13:38.162	1,44,126,192
15:13:38.275	2,45,122,182
15:13:38.397	0,40,126,187
15:13:38.611	1,44,125,192
15:13:38.733	2,33,121,181
15:13:38.854	0,31,126,184
15:13:39.076	1,44,126,192
15:13:39.197	2,47,121,182
15:13:39.314	0,42,125,187
15:13:39.535	1,46,123,192
15:13:39.653	2,50,119,174
15:13:39.791	0,44,123,190
15:13:40.004	1,146,107,173
15:13:40.126	2,198,87,176
15:13:40.244	0,229,87,151
15:13:40.455	1,49,94,161
15:13:40.575	2,49,97,153
15:13:40.695	0,45,99,158
15:13:40.922	1,45,103,166
15:13:41.041	2,47,102,158
15:13:41.160	0,43,104,162
15:13:41.385	1,44,105,169
15:13:41.506	2,46,103,159
15:13:41.626	0,43,104,163
15:13:41.852	1,44,104,167
15:13:41.971	2,46,102,159
15:13:42.090	0,18,104,153
15:13:42.301	1,46,104,166
15:13:42.420	2,48,100,154
15:13:42.540	0,45,100,157
15:13:42.763	1,48,99,162
15:13:42.896	2,80,97,151
15:13:43.015	0,46,97,155
15:13:43.232	1,48,98,161
15:13:43.350	2,49,97,155
15:13:43.470	0,45,98,153
15:13:43.685	1,46,101,164
15:13:43.827	2,47,99,159
15:13:43.974	0,44,100,161
15:13:44.149	1,45,103,163
15:13:44.266	2,46,102,161
15:13:44.384	0,42,104,159
15:13:44.610	1,45,109,175
15:13:44.732	2,45,109,167
15:13:44.850	0,41,111,172
15:13:44.956	 Finish Run: 11
15:13:45.076	1,45,113,175
15:13:45.196	2,46,112,172
15:13:45.311	0,41,113,171
15:13:45.525	1,44,114,181
15:13:45.646	2,46,113,174
15:13:45.765	0,42,114,175
15:13:45.992	1,38,115,181
15:13:46.110	2,46,112,171
15:13:46.229	0,42,114,175
15:13:46.448	1,44,116,179
15:13:46.567	2,46,112,173
15:13:46.690	0,41,115,175
15:13:46.787	 Start Run: 12
15:13:46.905	1,19,114,180
15:13:47.025	2,46,112,174
15:13:47.146	0,41,113,172
15:13:47.371	1,44,114,181
15:13:47.485	2,46,113,171
15:13:47.607	0,42,114,175
15:13:47.836	1,77,114,176
15:13:47.956	2,44,112,171
15:13:48.073	0,42,113,174
15:13:48.300	1,44,114,180
15:13:48.407	2,46,111,173
15:13:48.533	0,42,111,172
15:13:48.751	1,23,111,162
15:13:48.870	2,48,109,170
15:13:48.988	0,15,109,164
15:13:49.217	1,53,105,173
15:13:49.339	2,61,103,173
15:13:49.454	0,295,97,172
15:13:49.671	1,153,101,194
15:13:49.812	2,127,107,174
15:13:49.939	0,42,129,195
15:13:50.130	1,45,130,202
15:13:50.263	2,52,129,190
15:13:50.386	0,42,133,196
15:13:50.596	1,43,132,202
15:13:50.715	2,46,129,195
15:13:50.836	0,30,134,192
15:13:51.053	1,43,132,201
15:13:51.174	2,78,129,189
15:13:51.294	0,41,133,198
15:13:51.515	1,44,133,203
15:13:51.643	2,45,130,195
15:13:51.765	0,40,133,198
15:13:51.975	1,44,134,204
15:13:52.095	2,17,130,192
15:13:52.216	0,41,133,195
15:13:52.440	1,43,134,204
15:13:52.554	2,46,131,194
15:13:52.678	0,42,134,199
15:13:52.905	1,44,134,205
15:13:53.026	2,61,131,190
15:13:53.137	0,40,135,194
15:13:53.354	1,45,133,204
15:13:53.476	2,45,130,194
15:13:53.595	0,40,134,198
15:13:53.824	1,45,133,204
15:13:53.941	2,31,130,192
15:13:54.061	0,42,134,195
15:13:54.280	1,43,133,204
15:13:54.404	2,46,130,192
15:13:54.526	0,42,135,199
15:13:54.736	1,44,134,204
15:13:54.855	2,42,130,192
15:13:54.975	0,42,134,199
15:13:55.196	1,43,135,196
15:13:55.321	2,46,130,197
15:13:55.442	0,56,135,196
15:13:55.666	1,44,134,205
15:13:55.786	2,32,131,192
15:13:55.906	0,42,134,199
15:13:56.121	1,44,134,204
15:13:56.255	2,74,130,193
15:13:56.360	0,41,134,199
15:13:56.579	1,44,133,204
15:13:56.700	2,42,130,194
15:13:56.821	0,42,133,197
15:13:57.046	1,44,133,201
15:13:57.166	2,46,129,194
15:13:57.278	0,42,133,195
15:13:57.500	1,4,134,194
15:13:57.623	2,22,130,189
15:13:57.751	0,41,134,199
15:13:57.961	1,44,133,201
15:13:58.080	2,45,130,195
15:13:58.200	0,40,134,198
15:13:58.425	1,44,133,206
15:13:58.546	2,25,130,191
15:13:58.666	0,44,134,195
15:13:58.880	1,43,133,201
15:13:59.007	2,46,130,195
15:13:59.125	0,42,134,198
15:13:59.354	1,44,133,205
15:13:59.466	2,45,130,190
15:13:59.590	0,13,134,190
15:13:59.805	1,44,134,200
15:13:59.926	2,45,130,195
15:14:00.046	0,40,133,198
15:14:00.271	1,44,133,205
15:14:00.386	2,41,130,192
15:14:00.512	0,42,134,198
15:14:00.736	1,43,134,203
15:14:00.856	2,46,130,192
15:14:00.976	0,41,134,198
15:14:01.190	1,44,133,204
15:14:01.316	2,40,130,192
15:14:01.430	0,43,133,196
15:14:01.651	1,46,131,202
15:14:01.770	2,71,124,184
15:14:01.888	0,48,127,191
15:14:02.111	1,215,98,207
15:14:02.235	2,81,102,166
15:14:02.355	0,46,103,164
15:14:02.576	1,45,110,176
15:14:02.695	2,45,110,168
15:14:02.822	0,41,111,173
15:14:03.031	1,44,113,180
15:14:03.151	2,31,112,172
15:14:03.270	0,69,112,170
15:14:03.498	1,44,113,180
15:14:03.616	2,46,112,173
15:14:03.735	0,42,112,175
15:14:03.968	1,45,114,181
15:14:04.087	2,44,112,166
15:14:04.195	0,54,113,165
15:14:04.416	1,45,114,180
15:14:04.553	2,46,112,173
15:14:04.661	0,41,112,170
15:14:04.872	1,45,113,181
15:14:04.995	2,42,112,169
15:14:05.115	0,43,112,173
15:14:05.335	1,44,115,180
15:14:05.455	2,46,112,172
15:14:05.591	0,42,113,174
15:14:05.795	1,45,114,180
15:14:05.917	2,46,112,170
15:14:06.041	0,42,113,174
15:14:06.256	1,44,114,180
15:14:06.376	2,45,111,173
15:14:06.496	0,100,114,162
15:14:06.739	1,44,114,182
15:14:06.842	2,46,111,170
15:14:06.956	0,42,112,174
15:14:07.174	1,44,114,180
15:14:07.300	2,45,112,170
15:14:07.416	0,42,113,174
15:14:07.515	 Finish Run: 12
15:14:07.635	1,45,114,180
15:14:07.766	2,47,112,171
15:14:07.891	0,42,112,172
15:14:08.100	1,43,114,181
15:14:08.222	2,45,112,173
15:14:08.340	0,43,113,174
15:14:08.565	1,45,115,181
15:14:08.681	2,46,113,173
15:14:08.803	0,41,112,173
15:14:09.019	1,45,114,179
15:14:09.150	2,45,112,170
15:14:09.260	0,41,113,176
15:14:09.362	 Start Run: 13
15:14:09.480	1,45,114,181
15:14:09.600	2,46,111,170
15:14:09.721	0,28,112,171
15:14:09.954	1,44,114,180
15:14:10.082	2,46,112,173
15:14:10.214	0,42,113,175
15:14:10.411	1,44,114,180
15:14:10.543	2,59,112,169
15:14:10.652	0,42,113,174
15:14:10.873	1,59,115,174
15:14:11.000	2,45,111,174
15:14:11.136	0,41,113,173
15:14:11.320	1,45,113,179
15:14:11.440	2,46,112,173
15:14:11.565	0,42,113,172
15:14:11.814	1,44,113,179
15:14:11.930	2,46,110,171
15:14:12.071	0,43,111,171
15:14:12.249	1,47,111,176
15:14:12.368	2,49,108,165
15:14:12.487	0,59,105,160
15:14:12.705	1,283,99,212
15:14:12.825	2,286,98,181
15:14:12.946	0,38,127,188
15:14:13.167	1,40,134,200
15:14:13.285	2,46,130,194
15:14:13.412	0,42,135,199
15:14:13.635	1,44,135,205
15:14:13.756	2,58,131,193
15:14:13.870	0,41,135,199
15:14:14.099	1,44,135,205
15:14:14.232	2,46,131,196
15:14:14.356	0,41,135,200
15:14:14.551	1,43,135,205
15:14:14.671	2,45,131,196
15:14:14.789	0,42,135,197
15:14:15.015	1,44,135,206
15:14:15.136	2,46,131,195
15:14:15.256	0,42,134,193
15:14:15.472	1,44,134,203
15:14:15.596	2,45,130,195
15:14:15.713	0,40,134,199
15:14:15.929	1,44,133,204
15:14:16.051	2,46,130,192
15:14:16.171	0,17,133,195
15:14:16.396	1,43,133,204
15:14:16.515	2,46,131,195
15:14:16.636	0,41,134,198
15:14:16.850	1,44,134,205
15:14:16.973	2,46,130,193
15:14:17.089	0,42,134,199
15:14:17.311	1,43,134,204
15:14:17.430	2,46,130,194
15:14:17.551	0,41,134,196
15:14:17.776	1,44,133,204
15:14:17.895	2,46,131,196
15:14:18.015	0,42,134,198
15:14:18.231	1,44,134,205
15:14:18.352	2,22,130,194
15:14:18.479	0,41,134,199
15:14:18.689	1,44,132,199
15:14:18.810	2,46,126,179
15:14:18.941	0,41,118,178
15:14:19.155	1,44,119,188
15:14:19.274	2,45,120,189
15:14:19.394	0,38,130,193
15:14:19.621	1,44,134,196
15:14:19.742	2,46,130,193
15:14:19.861	0,42,134,199
15:14:20.086	1,45,134,204
15:14:20.206	2,45,130,193
15:14:20.326	0,40,134,198
15:14:20.535	1,44,133,199
15:14:20.655	2,46,128,191
15:14:20.776	0,40,129,189
15:14:20.996	1,43,131,200
15:14:21.115	2,46,128,194
15:14:21.240	0,42,132,196
15:14:21.466	1,44,132,202
15:14:21.586	2,23,129,190
15:14:21.706	0,41,133,196
15:14:21.915	1,43,133,202
15:14:22.049	2,46,129,193
15:14:22.160	0,41,132,195
15:14:22.381	1,46,131,202
15:14:22.500	2,48,128,193
15:14:22.621	0,43,131,196
15:14:22.846	1,48,129,199
15:14:22.966	2,173,117,174
15:14:23.080	0,120,122,209
15:14:23.310	1,259,97,213
15:14:23.431	2,86,98,177
15:14:23.538	0,154,95,155
15:14:23.761	1,53,102,173
15:14:23.879	2,50,103,168
15:14:24.000	0,71,100,154
15:14:24.218	1,72,103,179
15:14:24.340	2,61,102,174
15:14:24.460	0,205,96,160
15:14:24.680	1,181,98,204
15:14:24.805	2,148,99,187
15:14:24.922	0,293,97,176
15:14:25.141	1,326,96,216
15:14:25.261	2,340,97,181
15:14:25.380	0,104,114,206
15:14:25.606	1,70,119,210
15:14:25.725	2,86,117,182
15:14:25.846	0,44,130,196
15:14:26.060	1,47,129,196
15:14:26.185	2,50,125,187
15:14:26.312	0,44,129,194
15:14:26.522	1,48,125,192
15:14:26.640	2,107,114,170
15:14:26.761	0,57,121,200
15:14:26.983	1,274,103,205
15:14:27.106	2,203,95,189
15:14:27.226	0,242,95,159
15:14:27.446	1,49,101,171
15:14:27.570	2,49,103,163
15:14:27.691	0,45,105,168
15:14:27.900	1,42,109,171
15:14:28.019	2,46,108,168
15:14:28.140	0,42,110,172
15:14:28.366	1,44,113,178
15:14:28.486	2,45,110,172
15:14:28.606	0,42,111,170
15:14:28.819	1,86,112,163
15:14:28.945	2,46,111,172
15:14:29.070	0,42,112,172
15:14:29.281	1,45,114,180
15:14:29.400	2,46,112,172
15:14:29.520	0,41,113,174
15:14:29.626	 Finish Run: 13
15:14:29.746	1,25,113,176
15:14:29.866	2,46,111,171
15:14:29.986	0,41,114,174
15:14:30.209	1,44,114,181
15:14:30.321	2,45,112,173
15:14:30.444	0,79,113,171
15:14:30.661	1,12,114,177
15:14:30.780	2,46,113,174
15:14:30.900	0,24,113,166
15:14:31.126	1,45,115,179
15:14:31.246	2,40,112,169
15:14:31.366	0,41,113,174
15:14:31.471	 Start Run: 14
15:14:31.591	1,81,114,178
15:14:31.712	2,46,113,174
15:14:31.832	0,41,113,174
15:14:32.040	1,45,114,182
15:14:32.161	2,45,112,170
15:14:32.280	0,42,113,170
15:14:32.506	1,44,113,175
15:14:32.623	2,46,111,171
15:14:32.739	0,42,111,171
15:14:32.970	1,45,111,177
15:14:33.090	2,48,106,167
15:14:33.200	0,47,99,152
15:14:33.422	1,329,93,193
15:14:33.540	2,174,90,167
15:14:33.670	0,42,121,186
15:14:33.883	1,44,124,195
15:14:34.000	2,46,123,183
15:14:34.121	0,42,125,184
15:14:34.351	1,44,124,188
15:14:34.470	2,46,121,179
15:14:34.591	0,41,122,182
15:14:34.815	1,44,119,186
15:14:34.927	2,62,116,173
15:14:35.056	0,42,118,179
15:14:35.265	1,29,119,172
15:14:35.384	2,46,116,178
15:14:35.503	0,14,118,179
15:14:35.731	1,44,118,185
15:14:35.847	2,47,116,173
15:14:35.961	0,41,117,179
15:14:36.198	1,43,119,183
15:14:36.310	2,48,115,178
15:14:36.432	0,40,120,182
15:14:36.646	1,44,119,187
15:14:36.766	2,46,117,175
15:14:36.885	0,42,117,178
15:14:37.104	1,43,119,186
15:14:37.222	2,46,117,179
15:14:37.346	0,44,119,172
15:14:37.569	1,44,119,186
15:14:37.690	2,47,117,175
15:14:37.815	0,41,121,188
15:14:38.025	1,44,130,199
15:14:38.144	2,46,127,191
15:14:38.266	0,41,131,196
15:14:38.490	1,44,134,204
15:14:38.611	2,45,129,191
15:14:38.724	0,27,134,194
15:14:38.948	1,43,132,201
15:14:39.074	2,46,128,190
15:14:39.191	0,41,132,197
15:14:39.407	1,43,132,200
15:14:39.548	2,45,129,193
15:14:39.662	0,40,133,197
15:14:39.885	1,77,131,197
15:14:39.988	2,45,128,194
15:14:40.112	0,40,132,193
15:14:40.327	1,43,133,205
15:14:40.447	2,46,130,195
15:14:40.574	0,41,134,199
15:14:40.792	1,5,133,201
15:14:40.918	2,75,130,192
15:14:41.041	0,41,134,198
15:14:41.251	1,43,134,204
15:14:41.370	2,46,129,193
15:14:41.490	0,42,133,197
15:14:41.715	1,31,133,193
15:14:41.836	2,48,129,194
15:14:41.956	0,44,132,198
15:14:42.170	1,59,127,204
15:14:42.314	2,274,116,174
15:14:42.431	0,192,119,205
15:14:42.631	1,143,98,200
15:14:42.750	2,52,102,172
15:14:42.886	0,46,102,164
15:14:43.096	1,46,110,177
15:14:43.215	2,46,109,171
15:14:43.336	0,29,110,168
15:14:43.561	1,44,113,180
15:14:43.681	2,46,113,174
15:14:43.800	0,20,113,168
15:14:44.024	1,46,115,178
15:14:44.146	2,46,112,170
15:14:44.266	0,41,114,174
15:14:44.475	1,45,114,180
15:14:44.604	2,46,112,173
15:14:44.731	0,42,113,169
15:14:44.938	1,45,112,178
15:14:45.060	2,48,110,169
15:14:45.180	0,45,110,169
15:14:45.403	1,53,106,172
15:14:45.526	2,32,104,170
15:14:45.646	0,273,99,183
15:14:45.871	1,110,112,222
15:14:45.991	2,64,115,186
15:14:46.100	0,59,133,190
15:14:46.321	1,45,134,204
15:14:46.440	2,46,131,195
15:14:46.561	0,42,134,196
15:14:46.786	1,44,134,205
15:14:46.906	2,46,130,195
15:14:47.025	0,41,135,200
15:14:47.250	1,44,134,203
15:14:47.370	2,46,130,194
15:14:47.484	0,41,135,199
15:14:47.701	1,43,134,204
15:14:47.820	2,45,130,196
15:14:47.940	0,71,134,196
15:14:48.166	1,45,134,199
15:14:48.284	2,46,131,193
15:14:48.405	0,42,135,200
15:14:48.632	1,44,134,204
15:14:48.750	2,63,131,194
15:14:48.870	0,40,135,199
15:14:49.088	1,44,134,204
15:14:49.210	2,46,131,196
15:14:49.329	0,40,135,199
15:14:49.546	1,44,134,205
15:14:49.666	2,46,132,196
15:14:49.797	0,41,135,195
15:14:50.011	1,45,134,203
15:14:50.131	2,46,131,196
15:14:50.267	0,22,135,191
15:14:50.471	1,44,134,204
15:14:50.586	2,45,130,192
15:14:50.708	0,40,135,199
15:14:50.934	1,44,134,201
15:14:51.045	2,46,130,196
15:14:51.166	0,40,134,197
15:14:51.391	1,43,134,206
15:14:51.511	2,46,130,196
15:14:51.631	0,42,135,198
15:14:51.856	1,44,133,201
15:14:51.975	2,37,131,192
15:14:52.096	0,41,134,199
15:14:52.185	 Finish Run: 14
15:14:52.322	1,43,134,205
15:14:52.436	2,45,130,196
15:14:52.550	0,24,135,191
15:14:52.770	1,30,135,200
15:14:52.887	2,45,131,196
15:14:53.005	0,40,134,195
15:14:53.226	1,44,134,204
15:14:53.354	2,46,131,194
15:14:53.476	0,41,134,199
15:14:53.698	1,73,134,202
15:14:53.822	2,46,130,192
15:14:53.942	0,41,134,200
15:14:54.031	 Start Run: 15
15:14:54.151	1,43,134,204
15:14:54.270	2,45,131,196
15:14:54.389	0,42,135,199
15:14:54.615	1,44,135,200
15:14:54.735	2,46,131,196
15:14:54.855	0,42,135,192
15:14:55.070	1,44,133,204
15:14:55.189	2,46,130,192
15:14:55.316	0,41,134,199
15:14:55.541	1,44,134,200
15:14:55.652	2,45,130,195
15:14:55.781	0,40,134,199
15:14:55.995	1,44,134,205
15:14:56.115	2,45,130,192
15:14:56.235	0,80,134,195
15:14:56.460	1,43,132,198
15:14:56.578	2,46,130,194
15:14:56.698	0,41,134,198
15:14:56.920	1,44,133,204
15:14:57.036	2,87,130,188
15:14:57.160	0,40,133,197
15:14:57.375	1,44,133,200
15:14:57.506	2,45,130,195
15:14:57.619	0,40,134,194
15:14:57.837	1,45,133,205
15:14:57.961	2,24,130,192
15:14:58.079	0,41,134,198
15:14:58.306	1,43,134,201
15:14:58.426	2,46,130,192
15:14:58.545	0,41,134,199
15:14:58.766	1,44,134,205
15:14:58.890	2,40,130,192
15:14:59.011	0,42,134,199
15:14:59.221	1,82,135,196
15:14:59.351	2,46,130,197
15:14:59.475	0,40,134,195
15:14:59.685	1,44,134,204
15:14:59.804	2,38,130,193
15:14:59.924	0,42,134,198
15:15:00.150	1,44,134,204
15:15:00.270	2,29,131,193
15:15:00.390	0,41,134,198
15:15:00.612	1,44,133,203
15:15:00.729	2,45,130,192
15:15:00.841	0,42,133,197
15:15:01.067	1,43,134,203
15:15:01.184	2,45,129,195
15:15:01.301	0,42,133,197
15:15:01.531	1,8,134,196
15:15:01.651	2,47,130,190
15:15:01.770	0,42,133,198
15:15:01.986	1,44,134,204
15:15:02.110	2,45,129,193
15:15:02.229	0,40,134,198
15:15:02.446	1,44,134,203
15:15:02.566	2,46,130,194
15:15:02.685	0,40,133,194
15:15:02.908	1,43,133,204
15:15:03.031	2,46,129,195
15:15:03.151	0,42,134,198
15:15:03.375	1,44,133,204
15:15:03.496	2,36,130,194
15:15:03.616	0,36,133,195
15:15:03.831	1,40,135,202
15:15:03.962	2,45,130,194
15:15:04.079	0,40,133,198
15:15:04.291	1,45,133,203
15:15:04.411	2,46,129,192
15:15:04.531	0,41,133,195
15:15:04.751	1,43,133,203
15:15:04.868	2,46,130,194
15:15:04.996	0,41,133,198
15:15:05.208	1,45,133,201
15:15:05.332	2,46,130,192
15:15:05.459	0,41,133,198
15:15:05.671	1,43,133,203
15:15:05.789	2,45,130,195
15:15:05.910	0,53,134,186
15:15:06.135	1,44,134,204
15:15:06.255	2,46,130,196
15:15:06.375	0,41,133,198
15:15:06.600	1,44,133,204
15:15:06.721	2,37,130,192
15:15:06.831	0,41,133,198
15:15:07.068	1,44,132,204
15:15:07.184	2,46,130,193
15:15:07.306	0,41,133,199
15:15:07.515	1,44,133,204
15:15:07.635	2,45,129,194
15:15:07.754	0,31,133,196
15:15:07.981	1,44,133,205
15:15:08.101	2,46,131,195
15:15:08.223	0,42,134,198
15:15:08.446	1,44,133,204
15:15:08.566	2,45,130,193
15:15:08.686	0,40,134,198
15:15:08.899	1,44,133,205
15:15:09.030	2,46,130,195
15:15:09.148	0,40,133,196
15:15:09.361	1,43,134,204
15:15:09.480	2,46,129,195
15:15:09.600	0,41,134,197
15:15:09.825	1,44,133,204
15:15:09.948	2,46,130,192
15:15:10.065	0,41,133,198
15:15:10.289	1,43,133,203
15:15:10.410	2,45,129,194
15:15:10.531	0,40,133,197
15:15:10.751	1,45,133,204
15:15:10.865	2,46,130,195
15:15:10.989	0,28,134,194
15:15:11.225	1,45,134,204
15:15:11.329	2,46,130,195
15:15:11.447	0,41,134,198
15:15:11.670	1,44,133,201
15:15:11.791	2,46,130,193
15:15:11.910	0,41,134,199
15:15:12.124	1,43,134,205
15:15:12.268	2,45,130,195
15:15:12.375	0,42,134,200
15:15:12.593	1,22,134,194
15:15:12.723	2,46,130,195
15:15:12.827	0,42,134,198
15:15:13.050	1,44,134,205
15:15:13.170	2,46,131,192
15:15:13.295	0,40,134,198
15:15:13.514	1,14,133,201
15:15:13.628	2,46,130,196
15:15:13.755	0,40,134,200
15:15:13.971	1,44,134,207
15:15:14.100	2,46,130,196
15:15:14.213	0,15,134,196
15:15:14.455	1,68,134,201
15:15:14.576	2,46,131,196
15:15:14.685	0,41,134,200
15:15:14.895	1,60,134,197
15:15:15.015	2,45,130,190
15:15:15.135	0,40,135,199
15:15:15.353	1,44,134,201
15:15:15.481	2,45,131,196
15:15:15.600	0,40,135,199
15:15:15.826	1,44,133,206
15:15:15.935	2,46,129,192
15:15:16.062	0,42,134,196
15:15:16.156	 Finish Run: 15
15:15:16.275	1,43,134,204
15:15:16.395	2,46,130,192
15:15:16.515	0,41,133,199
15:15:16.740	1,44,134,204
15:15:16.861	2,65,130,192
15:15:16.981	0,42,133,199
15:15:17.206	1,44,134,204
15:15:17.323	2,48,128,194
15:15:17.438	0,36,132,194
15:15:17.670	1,93,125,222
15:15:17.805	2,368,106,172
15:15:17.937	0,285,101,165
15:15:18.120	1,48,104,174
15:15:18.244	2,47,107,167
15:15:18.362	0,42,110,173
15:15:18.465	 Start Run: 16
15:15:18.589	1,44,115,182
15:15:18.722	2,72,113,170
15:15:18.849	0,42,113,171
15:15:19.051	1,44,114,181
15:15:19.171	2,46,112,173
15:15:19.291	0,42,112,173
15:15:19.514	1,45,113,172
15:15:19.620	2,43,111,166
15:15:19.740	0,42,111,173
15:15:19.966	1,46,112,174
15:15:20.085	2,47,110,171
15:15:20.204	0,44,109,167
15:15:20.422	1,48,107,174
15:15:20.547	2,25,106,163
15:15:20.675	0,94,102,158
15:15:20.881	1,211,98,196
15:15:21.000	2,318,98,186
15:15:21.121	0,89,112,214
15:15:21.345	1,47,128,202
15:15:21.466	2,48,127,190
15:15:21.584	0,42,132,197
15:15:21.810	1,43,133,203
15:15:21.925	2,46,129,194
15:15:22.045	0,40,133,194
15:15:22.265	1,44,127,193
15:15:22.388	2,47,122,181
15:15:22.516	0,41,125,188
15:15:22.726	1,44,125,194
15:15:22.846	2,46,124,184
15:15:22.974	0,42,127,191
15:15:23.191	1,44,129,198
15:15:23.311	2,46,126,188
15:15:23.431	0,42,131,195
15:15:23.654	1,43,133,202
15:15:23.776	2,45,129,194
15:15:23.896	0,42,132,197
15:15:24.111	1,44,132,203
15:15:24.234	2,47,129,192
15:15:24.346	0,41,132,197
15:15:24.570	1,44,132,202
15:15:24.705	2,45,129,190
15:15:24.812	0,40,131,194
15:15:25.035	1,44,132,202
15:15:25.156	2,46,129,190
15:15:25.276	0,40,132,193
15:15:25.503	1,43,132,202
15:15:25.621	2,46,130,194
15:15:25.741	0,41,132,198
15:15:25.951	1,44,132,203
15:15:26.071	2,70,129,191
15:15:26.191	0,41,133,198
15:15:26.415	1,43,134,204
15:15:26.531	2,45,130,193
15:15:26.648	0,40,133,197
15:15:26.867	1,45,132,204
15:15:27.000	2,46,130,196
15:15:27.121	0,42,134,197
15:15:27.331	1,43,133,203
15:15:27.450	2,46,130,195
15:15:27.570	0,41,134,199
15:15:27.786	1,44,133,202
15:15:27.910	2,46,130,193
15:15:28.032	0,41,135,198
15:15:28.252	1,43,134,204
15:15:28.372	2,45,130,195
15:15:28.502	0,13,133,195
15:15:28.711	1,45,134,200
15:15:28.833	2,47,130,194
15:15:28.950	0,42,133,198
15:15:29.176	1,46,132,204
15:15:29.288	2,47,129,192
15:15:29.410	0,42,132,197
15:15:29.643	1,56,128,198
15:15:29.751	2,197,117,178
15:15:29.877	0,88,125,209
15:15:30.104	1,224,107,226
15:15:30.227	2,343,100,181
15:15:30.348	0,69,124,213
15:15:30.558	1,52,127,197
15:15:30.678	2,27,124,189
15:15:30.793	0,43,132,197
15:15:31.022	1,44,134,205
15:15:31.141	2,45,131,194
15:15:31.262	0,41,135,197
15:15:31.477	1,45,133,205
15:15:31.600	2,46,131,195
15:15:31.720	0,42,134,196
15:15:31.940	1,44,134,205
15:15:32.055	2,46,131,192
15:15:32.188	0,41,135,198
15:15:32.402	1,44,134,205
15:15:32.520	2,46,131,196
15:15:32.641	0,41,134,199
15:15:32.867	1,43,135,205
15:15:32.985	2,45,130,196
15:15:33.106	0,41,134,195
15:15:33.319	1,44,134,206
15:15:33.450	2,46,131,196
15:15:33.562	0,41,135,198
15:15:33.782	1,44,134,205
15:15:33.901	2,45,130,193
15:15:34.025	0,40,134,199
15:15:34.237	1,44,134,206
15:15:34.361	2,46,131,192
15:15:34.480	0,25,134,195
15:15:34.712	1,43,135,204
15:15:34.831	2,46,131,193
15:15:34.951	0,41,135,199
15:15:35.162	1,44,134,204
15:15:35.282	2,46,131,193
15:15:35.411	0,42,134,199
15:15:35.627	1,43,135,206
15:15:35.746	2,46,130,197
15:15:35.867	0,72,135,191
15:15:36.082	1,44,135,206
15:15:36.206	2,45,130,194
15:15:36.325	0,41,135,199
15:15:36.551	1,44,134,205
15:15:36.678	2,45,131,193
15:15:36.785	0,41,134,199
15:15:37.006	1,44,134,205
15:15:37.126	2,46,131,195
15:15:37.246	0,40,135,200
15:15:37.466	1,43,134,205
15:15:37.590	2,46,130,195
15:15:37.706	0,42,134,200
15:15:37.927	1,44,133,205
15:15:38.057	2,60,131,191
15:15:38.176	0,37,134,198
15:15:38.385	1,24,135,197
15:15:38.505	2,45,130,195
15:15:38.636	0,40,135,195
15:15:38.732	 Finish Run: 16
15:15:38.851	1,44,133,206
15:15:38.972	2,29,131,193
15:15:39.085	0,42,135,199
15:15:39.316	1,44,134,205
15:15:39.436	2,81,130,192
15:15:39.556	0,41,135,199
15:15:39.781	1,44,135,204
15:15:39.894	2,20,130,192
15:15:40.016	0,42,134,196
15:15:40.232	1,44,133,205
15:15:40.351	2,48,129,194
15:15:40.473	0,43,133,198
15:15:40.578	 Start Run: 17
15:15:40.696	1,115,126,210
15:15:40.814	2,393,102,174
15:15:40.931	0,277,110,181
15:15:41.163	1,50,104,174
15:15:41.272	2,48,105,169
15:15:41.400	0,43,108,168
15:15:41.622	1,45,113,182
15:15:41.736	2,52,112,171
15:15:41.862	0,42,114,176
15:15:42.078	1,44,116,183
15:15:42.197	2,47,113,172
15:15:42.315	0,42,115,177
15:15:42.542	1,44,116,183
15:15:42.661	2,60,114,172
15:15:42.781	0,43,115,176
15:15:42.996	1,44,116,184
15:15:43.124	2,47,114,176
15:15:43.236	0,43,115,173
15:15:43.456	1,45,115,183
15:15:43.577	2,47,114,171
15:15:43.694	0,42,115,177
15:15:43.923	1,44,116,179
15:15:44.039	2,46,114,175
15:15:44.158	0,41,115,176
15:15:44.374	1,45,116,183
15:15:44.500	2,45,113,176
15:15:44.620	0,33,115,174
15:15:44.836	1,44,116,177
15:15:44.954	2,46,114,175
15:15:45.076	0,42,114,177
15:15:45.301	1,44,115,182
15:15:45.414	2,45,113,172
15:15:45.540	0,59,115,168
15:15:45.765	1,34,116,178
15:15:45.885	2,46,113,174
15:15:46.008	0,60,114,172
15:15:46.254	1,44,115,181
15:15:46.384	2,46,113,171
15:15:46.489	0,42,114,175
15:15:46.677	1,32,114,177
15:15:46.800	2,46,112,175
15:15:46.922	0,41,114,176
15:15:47.146	1,44,115,182
15:15:47.272	2,45,112,175
15:15:47.385	0,42,114,173
15:15:47.611	1,85,116,178
15:15:47.721	2,47,114,176
15:15:47.850	0,67,115,168
15:15:48.064	1,45,115,181
15:15:48.189	2,67,112,169
15:15:48.310	0,43,112,172
15:15:48.524	1,0,108,169
15:15:48.646	2,64,104,181
15:15:48.767	0,203,98,201
15:15:48.980	1,47,128,202
15:15:49.103	2,47,128,192
15:15:49.221	0,41,132,197
15:15:49.450	1,20,132,197
15:15:49.577	2,47,129,193
15:15:49.686	0,42,133,198
15:15:49.902	1,43,132,201
15:15:50.025	2,45,128,194
15:15:50.145	0,66,133,189
15:15:50.370	1,45,133,197
15:15:50.484	2,46,128,193
15:15:50.609	0,42,132,193
15:15:50.823	1,44,132,201
15:15:50.950	2,46,129,191
15:15:51.072	0,41,132,196
15:15:51.285	1,44,132,197
15:15:51.405	2,46,129,193
15:15:51.525	0,41,132,197
15:15:51.751	1,43,132,202
15:15:51.869	2,45,129,193
15:15:51.984	0,62,133,193
15:15:52.205	1,44,133,198
15:15:52.336	2,45,129,192
15:15:52.457	0,41,134,193
15:15:52.681	1,44,132,202
15:15:52.791	2,45,129,193
15:15:52.912	0,40,133,197
15:15:53.132	1,44,133,199
15:15:53.250	2,46,128,192
15:15:53.371	0,40,134,195
15:15:53.586	1,43,132,203
15:15:53.710	2,46,129,193
15:15:53.839	0,42,133,197
15:15:54.052	1,44,133,199
15:15:54.173	2,74,129,191
15:15:54.297	0,41,133,197
15:15:54.510	1,43,133,200
15:15:54.631	2,45,129,192
15:15:54.751	0,40,133,197
15:15:54.968	1,44,132,203
15:15:55.090	2,46,129,193
15:15:55.210	0,41,132,192
15:15:55.440	1,44,132,202
15:15:55.562	2,40,127,192
15:15:55.670	0,41,132,196
15:15:55.890	1,44,132,202
15:15:56.012	2,46,129,189
15:15:56.132	0,41,132,192
15:15:56.357	1,44,132,202
15:15:56.478	2,45,128,193
15:15:56.598	0,42,132,197
15:15:56.810	1,44,132,198
15:15:56.939	2,39,128,185
15:15:57.063	0,41,133,196
15:15:57.283	1,44,132,200
15:15:57.408	2,45,128,193
15:15:57.515	0,40,132,194
15:15:57.743	1,44,131,202
15:15:57.874	2,20,128,189
15:15:57.999	0,41,131,196
15:15:58.200	1,43,131,198
15:15:58.323	2,46,129,192
15:15:58.443	0,41,132,196
15:15:58.657	1,43,132,203
15:15:58.783	2,39,128,187
15:15:58.907	0,41,133,197
15:15:59.115	1,43,133,198
15:15:59.236	2,46,129,192
15:15:59.355	0,41,132,197
15:15:59.581	1,44,131,201
15:15:59.701	2,46,128,190
15:15:59.818	0,41,133,196
15:16:00.043	1,43,132,198
15:16:00.160	2,45,128,192
15:16:00.282	0,40,133,196
15:16:00.497	1,44,132,203
15:16:00.617	2,45,128,191
15:16:00.736	0,34,133,192
15:16:00.961	1,43,132,199
15:16:01.077	2,46,129,192
15:16:01.199	0,41,133,197
15:16:01.419	1,43,132,202
15:16:01.537	2,45,127,185
15:16:01.661	0,40,133,196
15:16:01.878	1,29,131,197
15:16:01.996	2,46,128,193
15:16:02.115	0,42,132,192
15:16:02.341	1,45,131,202
15:16:02.462	2,48,128,193
15:16:02.581	0,43,132,197
15:16:02.687	 Finish Run: 17
15:16:02.806	1,4,130,196
15:16:02.927	2,64,125,186
15:16:03.035	0,45,131,201
15:16:03.256	1,233,115,224
15:16:03.375	2,239,97,187
15:16:03.506	0,262,102,169
15:16:03.723	1,27,103,167
15:16:03.842	2,49,105,170
15:16:03.963	0,45,108,166
15:16:04.181	1,45,114,182
15:16:04.300	2,60,113,173
15:16:04.418	0,41,116,176
15:16:04.649	1,45,116,179
15:16:04.772	2,46,113,177
15:16:04.881	0,41,115,177
15:16:04.981	 Start Run: 18
15:16:05.101	1,45,116,184
15:16:05.222	2,46,114,177
15:16:05.340	0,43,116,177
15:16:05.560	1,45,115,182
15:16:05.679	2,41,114,172
15:16:05.799	0,42,115,177
15:16:06.032	1,44,116,183
15:16:06.139	2,45,114,176
15:16:06.269	0,41,116,174
15:16:06.481	1,45,116,183
15:16:06.600	2,46,114,176
15:16:06.717	0,43,115,173
15:16:06.935	1,44,116,183
15:16:07.064	2,46,114,176
15:16:07.185	0,42,116,177
15:16:07.402	1,45,116,183
15:16:07.531	2,46,114,173
15:16:07.642	0,42,116,177
15:16:07.860	1,44,116,183
15:16:07.979	2,46,114,175
15:16:08.100	0,43,116,174
15:16:08.323	1,45,116,183
15:16:08.445	2,46,115,176
15:16:08.567	0,43,115,178
15:16:08.782	1,45,116,183
15:16:08.905	2,45,114,172
15:16:09.022	0,41,115,178
15:16:09.241	1,45,117,183
15:16:09.361	2,46,114,176
15:16:09.481	0,41,115,177
15:16:09.708	1,45,116,183
15:16:09.827	2,46,114,176
15:16:09.947	0,43,115,174
15:16:10.164	1,45,116,182
15:16:10.284	2,47,114,176
15:16:10.412	0,42,115,177
15:16:10.622	1,44,117,177
15:16:10.740	2,45,114,176
15:16:10.861	0,41,116,177
15:16:11.084	1,45,115,181
15:16:11.207	2,46,114,175
15:16:11.322	0,22,115,173
15:16:11.549	1,44,116,182
15:16:11.670	2,46,115,175
15:16:11.793	0,42,115,177
15:16:12.018	1,45,116,178
15:16:12.123	2,46,114,173
15:16:12.241	0,42,115,177
15:16:12.484	1,44,116,183
15:16:12.610	2,46,114,176
15:16:12.711	0,42,115,173
15:16:12.925	1,7,114,167
15:16:13.054	2,47,112,173
15:16:13.190	0,45,111,173
15:16:13.381	1,48,108,173
15:16:13.518	2,51,104,162
15:16:13.623	0,207,99,157
15:16:13.847	1,68,104,204
15:16:13.966	2,111,106,182
15:16:14.094	0,42,132,198
15:16:14.300	1,44,133,202
15:16:14.432	2,45,128,194
15:16:14.558	0,42,133,194
15:16:14.762	1,54,133,201
15:16:14.880	2,45,129,193
15:16:15.000	0,24,133,193
15:16:15.239	1,42,134,198
15:16:15.341	2,50,129,189
15:16:15.463	0,40,133,197
15:16:15.690	1,57,133,200
15:16:15.805	2,45,128,193
15:16:15.926	0,40,133,196
15:16:16.155	1,44,132,204
15:16:16.273	2,45,128,190
15:16:16.390	0,41,133,196
15:16:16.605	1,43,132,198
15:16:16.725	2,46,129,190
15:16:16.846	0,41,132,197
15:16:17.071	1,44,133,203
15:16:17.185	2,45,128,191
15:16:17.311	0,38,134,188
15:16:17.534	1,44,134,198
15:16:17.653	2,46,128,194
15:16:17.778	0,41,133,194
15:16:17.995	1,46,131,204
15:16:18.122	2,65,127,189
15:16:18.241	0,44,133,198
15:16:18.451	1,112,126,205
15:16:18.572	2,305,106,177
15:16:18.694	0,242,115,198
15:16:18.916	1,129,98,198
15:16:19.036	2,74,101,165
15:16:19.148	0,66,99,157
15:16:19.401	1,47,105,170
15:16:19.505	2,49,106,168
15:16:19.613	0,46,105,157
15:16:19.838	1,48,107,174
15:16:19.963	2,68,105,163
15:16:20.082	0,57,103,160
15:16:20.295	1,92,102,181
15:16:20.416	2,111,99,186
15:16:20.536	0,245,100,197
15:16:20.761	1,57,120,211
15:16:20.876	2,73,124,189
15:16:20.998	0,42,132,195
15:16:21.218	1,43,132,200
15:16:21.343	2,45,129,193
15:16:21.466	0,41,132,197
15:16:21.674	1,43,132,198
15:16:21.795	2,73,128,186
15:16:21.923	0,40,133,196
15:16:22.141	1,44,131,198
15:16:22.261	2,45,128,192
15:16:22.376	0,40,131,196
15:16:22.604	1,44,131,203
15:16:22.727	2,48,127,191
15:16:22.847	0,41,132,193
15:16:23.066	1,43,131,198
15:16:23.174	2,45,127,188
15:16:23.296	0,41,132,196
15:16:23.522	1,43,131,201
15:16:23.635	2,60,128,189
15:16:23.761	0,42,132,195
15:16:23.985	1,20,131,189
15:16:24.106	2,45,127,192
15:16:24.226	0,28,132,192
15:16:24.435	1,44,130,201
15:16:24.557	2,46,128,188
15:16:24.693	0,41,131,195
15:16:24.900	1,43,132,199
15:16:25.021	2,45,127,188
15:16:25.140	0,40,131,195
15:16:25.358	1,44,131,201
15:16:25.482	2,47,127,188
15:16:25.600	0,42,131,194
15:16:25.823	1,45,131,203
15:16:25.953	2,49,127,192
15:16:26.058	0,43,131,197
15:16:26.161	 Finish Run: 18
15:16:26.282	1,59,129,198
15:16:26.400	2,192,120,177
15:16:26.521	0,86,126,214
15:16:26.744	1,276,98,214
15:16:26.880	2,87,97,184
15:16:26.987	0,104,96,155
15:16:27.201	1,48,107,173
15:16:27.323	2,47,108,167
15:16:27.446	0,43,111,172
15:16:27.662	1,44,116,179
15:16:27.782	2,46,114,177
15:16:27.900	0,42,116,180
15:16:28.124	1,45,117,184
15:16:28.246	2,19,114,171
15:16:28.366	0,43,116,177
15:16:28.472	 Start Run: 19
15:16:28.581	1,4,117,169
15:16:28.713	2,46,115,177
15:16:28.825	0,41,116,177
15:16:29.055	1,45,116,183
15:16:29.178	2,16,113,173
15:16:29.287	0,43,114,173
15:16:29.504	1,46,114,177
15:16:29.624	2,21,111,168
15:16:29.763	0,45,109,168
15:16:29.970	1,56,106,171
15:16:30.086	2,131,101,175
15:16:30.210	0,112,113,215
15:16:30.435	1,45,130,203
15:16:30.554	2,45,127,192
15:16:30.678	0,40,132,188
15:16:30.888	1,23,132,191
15:16:31.027	2,46,127,189
15:16:31.134	0,41,130,193
15:16:31.352	1,44,131,201
15:16:31.472	2,44,128,189
15:16:31.591	0,40,132,196
15:16:31.815	1,44,132,201
15:16:31.942	2,46,129,188
15:16:32.063	0,40,133,192
15:16:32.271	1,43,131,200
15:16:32.398	2,45,128,190
15:16:32.521	0,42,131,195
15:16:32.762	1,45,131,201
15:16:32.881	2,47,127,187
15:16:32.997	0,62,133,188
15:16:33.195	1,46,133,202
15:16:33.315	2,51,128,192
15:16:33.435	0,43,132,198
15:16:33.653	1,89,126,216
15:16:33.776	2,293,112,178
15:16:33.893	0,84,125,209
15:16:34.134	1,219,115,228
15:16:34.237	2,263,105,182
15:16:34.365	0,80,124,219
15:16:34.575	1,64,124,213
15:16:34.699	2,61,124,188
15:16:34.835	0,43,133,198
15:16:35.040	1,43,132,200
15:16:35.157	2,45,128,192
15:16:35.274	0,40,131,186
15:16:35.495	1,44,131,199
15:16:35.626	2,45,127,190
15:16:35.748	0,41,131,195
15:16:35.957	1,44,131,199
15:16:36.075	2,45,128,187
15:16:36.194	0,41,131,195
15:16:36.421	1,44,131,197
15:16:36.541	2,46,127,191
15:16:36.657	0,41,132,195
15:16:36.876	1,43,131,200
15:16:37.001	2,46,127,191
15:16:37.127	0,42,131,191
15:16:37.335	1,44,132,197
15:16:37.456	2,45,130,192
15:16:37.574	0,55,133,188
15:16:37.802	1,44,131,201
15:16:37.921	2,45,127,191
15:16:38.041	0,40,132,195
15:16:38.264	1,44,131,197
15:16:38.386	2,46,127,189
15:16:38.506	0,39,131,191
15:16:38.715	1,44,131,201
15:16:38.836	2,47,128,192
15:16:38.956	0,42,133,196
15:16:39.175	1,46,132,202
15:16:39.296	2,49,128,191
15:16:39.421	0,43,132,197
15:16:39.646	1,45,131,204
15:16:39.765	2,48,127,193
15:16:39.880	0,74,133,186
15:16:40.100	1,47,131,204
15:16:40.227	2,70,125,188
15:16:40.351	0,47,131,206
15:16:40.559	1,201,123,227
15:16:40.681	2,325,101,182
15:16:40.801	0,275,107,181
15:16:41.025	1,59,98,180
15:16:41.147	2,50,103,161
15:16:41.261	0,45,105,167
15:16:41.481	1,45,112,181
15:16:41.604	2,46,112,175
15:16:41.724	0,43,115,178
15:16:41.957	1,45,117,185
15:16:42.065	2,47,115,170
15:16:42.181	0,41,117,176
15:16:42.404	1,46,117,184
15:16:42.520	2,46,114,178
15:16:42.645	0,42,116,178
15:16:42.888	1,45,116,184
15:16:42.995	2,47,113,174
15:16:43.111	0,35,112,171
15:16:43.320	1,45,113,178
15:16:43.448	2,49,108,168
15:16:43.564	0,62,104,156
15:16:43.780	1,274,98,225
15:16:43.901	2,98,116,176
15:16:44.025	0,43,133,197
15:16:44.253	1,43,133,203
15:16:44.370	2,45,128,190
15:16:44.495	0,40,132,196
15:16:44.705	1,44,131,201
15:16:44.822	2,46,128,192
15:16:44.959	0,41,132,194
15:16:45.165	1,44,133,203
15:16:45.286	2,46,129,190
15:16:45.404	0,41,134,198
15:16:45.632	1,44,133,203
15:16:45.752	2,46,129,193
15:16:45.867	0,41,134,198
15:16:46.092	1,43,133,204
15:16:46.215	2,45,129,194
15:16:46.337	0,63,133,195
15:16:46.565	1,44,133,195
15:16:46.674	2,46,130,195
15:16:46.795	0,41,133,199
15:16:47.011	1,44,133,203
15:16:47.131	2,49,130,194
15:16:47.251	0,40,133,197
15:16:47.468	1,44,133,200
15:16:47.595	2,46,129,194
15:16:47.716	0,40,134,198
15:16:47.930	1,44,133,203
15:16:48.062	2,46,129,193
15:16:48.171	0,41,132,192
15:16:48.395	1,45,132,197
15:16:48.520	2,46,129,192
15:16:48.647	0,41,132,197
15:16:48.736	 Finish Run: 19
15:16:48.856	1,81,131,192
15:16:48.975	2,45,128,191
15:16:49.097	0,40,132,196
15:16:49.320	1,25,130,198
15:16:49.440	2,46,127,191
15:16:49.556	0,41,130,194
15:16:49.800	1,46,130,203
15:16:49.931	2,82,124,179
15:16:50.076	0,66,129,212
15:16:50.256	1,263,97,188
15:16:50.370	2,28,95,157
15:16:50.493	0,46,99,164
15:16:50.582	 Start Run: 20
15:16:50.707	1,45,111,181
15:16:50.822	2,46,111,175
15:16:50.964	0,42,116,177
15:16:51.161	1,61,116,173
15:16:51.282	2,46,114,176
15:16:51.400	0,42,116,177
15:16:51.626	1,45,114,183
15:16:51.750	2,47,113,173
15:16:51.870	0,43,113,175
15:16:52.094	1,46,111,172
15:16:52.207	2,49,106,164
15:16:52.334	0,73,96,151
15:16:52.545	1,307,88,183
15:16:52.666	2,244,98,170
15:16:52.785	0,44,131,199
15:16:53.029	1,44,133,199
15:16:53.140	2,46,128,195
15:16:53.246	0,39,134,198
15:16:53.469	1,32,133,194
15:16:53.590	2,50,130,190
15:16:53.710	0,41,133,198
15:16:53.950	1,45,133,199
15:16:54.058	2,46,129,195
15:16:54.181	0,41,133,198
15:16:54.393	1,44,133,204
15:16:54.510	2,26,129,191
15:16:54.632	0,67,133,194
15:16:54.856	1,44,132,200
15:16:54.977	2,48,128,193
15:16:55.097	0,43,132,197
15:16:55.323	1,50,130,202
15:16:55.441	2,180,119,168
15:16:55.563	0,72,128,186
15:16:55.773	1,126,85,160
15:16:55.895	2,57,95,169
15:16:56.026	0,54,88,149
15:16:56.236	1,48,107,176
15:16:56.356	2,47,110,172
15:16:56.474	0,43,111,173
15:16:56.700	1,44,116,183
15:16:56.822	2,47,114,173
15:16:56.955	0,42,115,177
15:16:57.158	1,45,116,183
15:16:57.277	2,46,114,172
15:16:57.402	0,42,116,178
15:16:57.620	1,44,117,184
15:16:57.750	2,46,114,178
15:16:57.858	0,42,117,166
15:16:58.081	1,45,117,184
15:16:58.201	2,46,115,176
15:16:58.321	0,43,116,178
15:16:58.548	1,44,117,183
15:16:58.657	2,47,114,175
15:16:58.782	0,42,116,177
15:16:59.000	1,45,116,183
15:16:59.125	2,46,114,174
15:16:59.251	0,42,116,177
15:16:59.461	1,44,116,183
15:16:59.581	2,46,114,176
15:16:59.700	0,43,115,174
15:16:59.917	1,46,116,180
15:17:00.041	2,47,114,176
15:17:00.166	0,42,115,177
15:17:00.385	1,45,115,182
15:17:00.510	2,17,113,173
15:17:00.633	0,41,115,178
15:17:00.841	1,5,115,179
15:17:00.973	2,46,114,176
15:17:01.097	0,42,115,177
15:17:01.304	1,45,116,184
15:17:01.425	2,46,114,175
15:17:01.546	0,16,115,174
15:17:01.771	1,59,115,180
15:17:01.893	2,46,113,175
15:17:02.010	0,42,115,178
15:17:02.224	1,68,116,174
15:17:02.352	2,46,114,170
15:17:02.478	0,42,115,177
15:17:02.684	1,45,117,181
15:17:02.804	2,46,113,176
15:17:02.940	0,41,114,177
15:17:03.150	1,45,115,183
15:17:03.270	2,59,113,173
15:17:03.389	0,42,114,173
15:17:03.607	1,44,115,183
15:17:03.734	2,46,114,172
15:17:03.856	0,43,114,177
15:17:04.074	1,45,113,183
15:17:04.194	2,45,114,170
15:17:04.310	0,43,115,176
15:17:04.531	1,78,116,173
15:17:04.650	2,46,114,176
15:17:04.770	0,41,115,174
15:17:04.996	1,45,114,182
15:17:05.116	2,47,113,175
15:17:05.237	0,43,115,176
15:17:05.451	1,44,115,181
15:17:05.573	2,46,114,176
15:17:05.695	0,42,114,176
15:17:05.910	1,46,115,182
15:17:06.030	2,46,114,171
15:17:06.151	0,43,114,176
15:17:06.372	1,44,115,180
15:17:06.490	2,46,111,173
15:17:06.607	0,55,110,164
15:17:06.834	1,32,108,162
15:17:06.952	2,77,103,169
15:17:07.078	0,148,94,198
15:17:07.291	1,46,129,201
15:17:07.409	2,25,128,190
15:17:07.531	0,41,132,196
15:17:07.756	1,44,132,202
15:17:07.876	2,46,127,193
15:17:07.991	0,40,132,196
15:17:08.210	1,44,132,202
15:17:08.334	2,45,129,193
15:17:08.463	0,22,133,194
15:17:08.670	1,39,133,200
15:17:08.790	2,46,129,192
15:17:08.910	0,20,133,189
15:17:09.137	1,45,134,202
15:17:09.255	2,45,129,192
15:17:09.375	0,40,133,198
15:17:09.617	1,7,133,198
15:17:09.753	2,45,130,194
15:17:09.857	0,40,132,197
15:17:10.050	1,44,132,203
15:17:10.169	2,46,129,193
15:17:10.291	0,42,132,193
15:17:10.512	1,43,132,197
15:17:10.629	2,46,129,193
15:17:10.754	0,41,133,198
15:17:10.979	1,44,132,202
15:17:11.102	2,48,129,188
15:17:11.212	0,41,133,196
15:17:11.311	 Finish Run: 20
15:17:11.431	1,13,134,192
15:17:11.550	2,46,129,194
15:17:11.672	0,76,133,195
15:17:11.897	1,44,132,203
15:17:12.015	2,37,129,192
15:17:12.137	0,41,132,197
15:17:12.350	1,44,132,202
15:17:12.479	2,28,128,190
15:17:12.603	0,42,132,197
15:17:12.810	1,52,129,207
15:17:12.931	2,197,114,159
15:17:13.073	0,214,122,186
15:17:13.155	 Start Run: 21
15:17:13.278	1,65,91,171
15:17:13.396	2,49,103,168
15:17:13.515	0,42,104,167
15:17:13.743	1,30,113,177
15:17:13.869	2,66,112,171
15:17:13.979	0,42,114,177
15:17:14.205	1,45,116,184
15:17:14.325	2,46,114,173
15:17:14.445	0,42,115,176
15:17:14.655	1,45,114,180
15:17:14.776	2,48,112,171
15:17:14.903	0,18,111,170
15:17:15.118	1,47,109,173
15:17:15.240	2,50,105,166
15:17:15.360	0,106,98,149
15:17:15.593	1,186,90,179
15:17:15.704	2,146,90,142
15:17:15.817	0,131,107,183
15:17:16.052	1,134,116,183
15:17:16.159	2,197,102,166
15:17:16.286	0,53,126,203
15:17:16.510	1,92,122,218
15:17:16.631	2,226,109,167
15:17:16.735	0,77,127,214
15:17:16.970	1,253,109,191
15:17:17.103	2,178,83,143
15:17:17.227	0,219,106,161
15:17:17.421	1,114,80,156
15:17:17.541	2,79,92,151
15:17:17.662	0,136,79,132
15:17:17.880	1,113,82,158
15:17:18.018	2,116,87,147
15:17:18.158	0,84,100,159
15:17:18.340	1,55,119,209
15:17:18.463	2,49,124,187
15:17:18.598	0,42,131,198
15:17:18.810	1,44,133,203
15:17:18.930	2,45,129,191
15:17:19.043	0,40,132,196
15:17:19.302	1,44,132,203
15:17:19.371	2,46,129,192
15:17:19.534	0,41,133,194
15:17:19.724	1,43,132,203
15:17:19.844	2,46,128,193
15:17:19.965	0,42,133,196
15:17:20.198	1,44,132,203
15:17:20.321	2,46,129,193
15:17:20.430	0,41,132,192
15:17:20.659	1,45,131,201
15:17:20.777	2,45,127,191
15:17:21.160	0,40,
